SNR_20_25=[];errs_mch_20_25=[];mch_trials_20_25=[];
SNR_20_25 = [SNR_20_25 14.000000]; errs_mch_20_25 =[errs_mch_20_25  1358]; mch_trials_20_25 =[mch_trials_20_25  10000];
SNR_20_25 = [SNR_20_25 14.500000]; errs_mch_20_25 =[errs_mch_20_25  979]; mch_trials_20_25 =[mch_trials_20_25  10000];
SNR_20_25 = [SNR_20_25 15.000000]; errs_mch_20_25 =[errs_mch_20_25  686]; mch_trials_20_25 =[mch_trials_20_25  10000];
SNR_20_25 = [SNR_20_25 15.500000]; errs_mch_20_25 =[errs_mch_20_25  468]; mch_trials_20_25 =[mch_trials_20_25  10000];
SNR_20_25 = [SNR_20_25 16.000000]; errs_mch_20_25 =[errs_mch_20_25  329]; mch_trials_20_25 =[mch_trials_20_25  10000];
SNR_20_25 = [SNR_20_25 16.500000]; errs_mch_20_25 =[errs_mch_20_25  218]; mch_trials_20_25 =[mch_trials_20_25  10000];
SNR_20_25 = [SNR_20_25 17.000000]; errs_mch_20_25 =[errs_mch_20_25  126]; mch_trials_20_25 =[mch_trials_20_25  10000];
SNR_20_25 = [SNR_20_25 17.500000]; errs_mch_20_25 =[errs_mch_20_25  76]; mch_trials_20_25 =[mch_trials_20_25  10000];
SNR_20_25 = [SNR_20_25 18.000000]; errs_mch_20_25 =[errs_mch_20_25  43]; mch_trials_20_25 =[mch_trials_20_25  10000];
SNR_20_25 = [SNR_20_25 18.500000]; errs_mch_20_25 =[errs_mch_20_25  26]; mch_trials_20_25 =[mch_trials_20_25  10000];
SNR_20_25 = [SNR_20_25 19.000000]; errs_mch_20_25 =[errs_mch_20_25  15]; mch_trials_20_25 =[mch_trials_20_25  10000];
SNR_20_25 = [SNR_20_25 19.500000]; errs_mch_20_25 =[errs_mch_20_25  6]; mch_trials_20_25 =[mch_trials_20_25  10000];
