chsch3_sync_f_4x0 = [1023 + j*(-1024)
658 + j*(-1024)
-1024 + j*(-1024)
-801 + j*(607)
-51 + j*(-1024)
-718 + j*(-640)
-485 + j*(626)
-68 + j*(-221)
-470 + j*(1023)
301 + j*(140)
-856 + j*(-447)
49 + j*(1023)
166 + j*(349)
-1024 + j*(-501)
-1024 + j*(1023)
93 + j*(1023)
1023 + j*(1023)
1023 + j*(-923)
433 + j*(-1024)
-827 + j*(-1024)
1023 + j*(-133)
1023 + j*(-1024)
-336 + j*(-1024)
1023 + j*(-65)
482 + j*(-1024)
-159 + j*(-1024)
559 + j*(1023)
1023 + j*(153)
1023 + j*(-864)
-202 + j*(1023)
1023 + j*(759)
1023 + j*(-209)
710 + j*(-1024)
-704 + j*(-1024)
-1024 + j*(-837)
-1024 + j*(758)
594 + j*(-1024)
-1024 + j*(-1024)
-1024 + j*(584)
369 + j*(-1024)
-1024 + j*(-1024)
-1024 + j*(438)
608 + j*(-1024)
-769 + j*(-1024)
-1024 + j*(-145)
607 + j*(-1024)
-1024 + j*(-229)
-60 + j*(-719)
-189 + j*(1023)
-574 + j*(-299)
1023 + j*(356)
800 + j*(-735)
-48 + j*(1023)
1023 + j*(569)
1010 + j*(-354)
43 + j*(591)
777 + j*(346)
383 + j*(6)
-855 + j*(441)
-648 + j*(1023)
1023 + j*(1023)
-960 + j*(-218)
-1024 + j*(1023)
25 + j*(1023)
1023 + j*(216)
1023 + j*(692)
980 + j*(-1024)
-506 + j*(-1024)
1023 + j*(950)
1023 + j*(-1024)
115 + j*(-1024)
582 + j*(1023)
1023 + j*(-1024)
916 + j*(-697)
459 + j*(1023)
1023 + j*(1023)
1023 + j*(-928)
-363 + j*(1023)
574 + j*(1023)
1023 + j*(502)
1023 + j*(-213)
6 + j*(-1024)
-1024 + j*(-1024)
-1024 + j*(224)
737 + j*(-1024)
-1024 + j*(-1024)
-1024 + j*(-286)
1023 + j*(-687)
-6 + j*(-1024)
-1024 + j*(-1024)
1023 + j*(-985)
-328 + j*(-1024)
-1024 + j*(-855)
1009 + j*(-807)
-784 + j*(-1024)
-1024 + j*(-824)
-1024 + j*(1023)
786 + j*(1023)
1023 + j*(1023)
1023 + j*(-1024)
716 + j*(1023)
1023 + j*(825)
1023 + j*(-1024)
-73 + j*(1023)
1023 + j*(1023)
1023 + j*(-835)
-125 + j*(1023)
1023 + j*(1023)
1023 + j*(-528)
-515 + j*(1023)
1023 + j*(1023)
1023 + j*(-292)
1023 + j*(-1024)
207 + j*(-1024)
-750 + j*(-1024)
-623 + j*(160)
740 + j*(-310)
449 + j*(-1024)
-161 + j*(-443)
291 + j*(765)
1023 + j*(831)
1023 + j*(-521)
32 + j*(1023)
1023 + j*(1023)
1023 + j*(-527)
-582 + j*(1023)
465 + j*(1023)
1023 + j*(11)
1023 + j*(-437)
-9 + j*(-1024)
-1024 + j*(-535)
-1024 + j*(186)
829 + j*(-1024)
-1024 + j*(-1024)
-1024 + j*(-596)
1023 + j*(-748)
1023 + j*(-844)
-731 + j*(-1024)
953 + j*(522)
1023 + j*(113)
1023 + j*(-1024)
84 + j*(1023)
1023 + j*(1023)
1023 + j*(-659)
1023 + j*(-1024)
-1024 + j*(-1024)
-1024 + j*(-1024)
-1024 + j*(699)
846 + j*(-1024)
-1024 + j*(-1024)
-1024 + j*(-133)
1023 + j*(-1024)
-436 + j*(-1024)
-1024 + j*(-513)
1023 + j*(-885)
495 + j*(-1024)
-576 + j*(-1024)
1023 + j*(122)
1023 + j*(-1024)
-480 + j*(-1024)
-1024 + j*(-918)
-1024 + j*(621)
-710 + j*(1023)
42 + j*(1023)
-1024 + j*(-1024)
-1024 + j*(1022)
-986 + j*(1020)
442 + j*(-1024)
-713 + j*(-255)
-1024 + j*(-107)
650 + j*(-1024)
-1000 + j*(-1024)
-1024 + j*(-98)
884 + j*(-1024)
-126 + j*(-1024)
-1024 + j*(-637)
216 + j*(717)
-359 + j*(1023)
955 + j*(-848)
465 + j*(-687)
708 + j*(1023)
940 + j*(-651)
79 + j*(-1017)
1023 + j*(128)
1023 + j*(-1024)
-634 + j*(-1024)
1023 + j*(639)
1023 + j*(-1024)
-58 + j*(-1024)
1023 + j*(813)
1023 + j*(-684)
-50 + j*(-1024)
-1024 + j*(-1024)
-1024 + j*(-1)
-189 + j*(1023)
617 + j*(1023)
-1024 + j*(-184)
-788 + j*(529)
75 + j*(812)
-494 + j*(414)
1023 + j*(469)
385 + j*(-180)
392 + j*(-182)
370 + j*(-560)
-466 + j*(-876)
812 + j*(340)
1023 + j*(-613)
-457 + j*(-788)
-267 + j*(-1024)
-1024 + j*(563)
-1024 + j*(-141)
483 + j*(1023)
-734 + j*(-441)
-1024 + j*(-242)
-91 + j*(887)
-74 + j*(-1024)
-1024 + j*(159)
-1024 + j*(267)
10 + j*(-1024)
-596 + j*(-388)
-1024 + j*(-250)
501 + j*(-1024)
-1 + j*(-743)
-1024 + j*(-538)
-220 + j*(1023)
-741 + j*(1023)
1023 + j*(589)
1023 + j*(-365)
-683 + j*(1023)
1023 + j*(776)
912 + j*(-104)
-1024 + j*(1023)
-27 + j*(403)
988 + j*(435)
148 + j*(392)
1023 + j*(374)
512 + j*(-771)
633 + j*(397)
777 + j*(322)
1023 + j*(-287)
-75 + j*(-220)
-271 + j*(-902)
-1024 + j*(534)
955 + j*(1023)
-1024 + j*(305)
-1024 + j*(1023)
605 + j*(1023)
-504 + j*(-481)
-650 + j*(-1)
-113 + j*(866)
-908 + j*(-1024)
-1024 + j*(-1)
-921 + j*(1023)
-90 + j*(-1024)
-1024 + j*(-621)
-385 + j*(-876)
-336 + j*(266)
-414 + j*(191)
371 + j*(1023)
1023 + j*(-170)
-1024 + j*(622)
-1 + j*(1023)
1023 + j*(609)
-1024 + j*(271)
-1 + j*(1023)
889 + j*(1023)
-1024 + j*(15)
-621 + j*(1023)
-1 + j*(1023)
-1024 + j*(-505)
-1024 + j*(537)
-727 + j*(1023)
1023 + j*(959)
1023 + j*(433)
774 + j*(-1024)
-27 + j*(-825)
1023 + j*(765)
1023 + j*(-1)
593 + j*(-327)
-216 + j*(1023)
168 + j*(-1)
1023 + j*(298)
-715 + j*(307)
117 + j*(976)
723 + j*(751)
-941 + j*(-392)
-702 + j*(844)
-365 + j*(490)
514 + j*(1023)
961 + j*(616)
425 + j*(-1024)
-420 + j*(-1024)
1023 + j*(822)
1023 + j*(-812)
409 + j*(-1024)
1023 + j*(1023)
1023 + j*(-332)
958 + j*(-1024)
346 + j*(1023)
1023 + j*(1023)
1023 + j*(-1024)
-382 + j*(1023)
1023 + j*(1023)
1023 + j*(-1024)
1023 + j*(-1024)
-1024 + j*(-1024)
-1024 + j*(-579)
-1024 + j*(693)
254 + j*(-1024)
-566 + j*(-1024)
-1024 + j*(314)
-47 + j*(-1024)
-769 + j*(-1024)
-1024 + j*(424)
467 + j*(-631)
-231 + j*(-1024)
-735 + j*(-1)
319 + j*(-262)
-49 + j*(85)
488 + j*(-1)
-1 + j*(469)
-1 + j*(-1024)
131 + j*(-1)
82 + j*(-39)
-9 + j*(-637)
-386 + j*(-1)
41 + j*(-30)
410 + j*(-225)
136 + j*(519)
-200 + j*(-603)
-23 + j*(55)
1023 + j*(-110)
-1 + j*(-68)
-68 + j*(53)
78 + j*(238)
1023 + j*(-725)
649 + j*(356)
-784 + j*(-263)
251 + j*(-327)
-152 + j*(5)
631 + j*(-1)
428 + j*(-383)
-182 + j*(-43)
34 + j*(-174)
8 + j*(395)
-177 + j*(-112)
150 + j*(-76)
284 + j*(-482)
-191 + j*(-200)
121 + j*(-22)
-388 + j*(-208)
-421 + j*(-727)
-583 + j*(432)
-404 + j*(281)
992 + j*(408)
92 + j*(51)
56 + j*(228)
719 + j*(48)
88 + j*(98)
-323 + j*(118)
223 + j*(113)
95 + j*(194)
-144 + j*(-27)
96 + j*(-83)
132 + j*(-143)
-114 + j*(-57)
378 + j*(-225)
123 + j*(-786)
-434 + j*(-214)
-638 + j*(-277)
-204 + j*(469)
-44 + j*(-92)
127 + j*(-594)
163 + j*(-262)
4 + j*(-96)
-422 + j*(-441)
-336 + j*(1003)
-255 + j*(522)
10 + j*(81)
-238 + j*(-84)
191 + j*(-1)
-32 + j*(70)
-107 + j*(-220)
-866 + j*(-1)
297 + j*(301)
-1 + j*(260)
351 + j*(-250)
-77 + j*(56)
-1 + j*(98)
-16 + j*(-82)
-102 + j*(59)
-113 + j*(41)
11 + j*(81)
39 + j*(208)
16 + j*(-123)
-509 + j*(-1)
-414 + j*(472)
33 + j*(-100)
-530 + j*(-383)
-356 + j*(-330)
669 + j*(358)
-118 + j*(9)
190 + j*(-1024)
84 + j*(-38)
811 + j*(-168)
97 + j*(-771)
114 + j*(18)
320 + j*(-5)
-1 + j*(-823)
-38 + j*(-144)
-114 + j*(29)
17 + j*(394)
864 + j*(179)
-134 + j*(-52)
-175 + j*(1023)
52 + j*(-250)
252 + j*(-53)
456 + j*(149)
280 + j*(114)
-83 + j*(-122)
58 + j*(111)
80 + j*(-329)
-55 + j*(-136)
-209 + j*(112)
483 + j*(-74)
-32 + j*(255)
94 + j*(20)
-589 + j*(-206)
-253 + j*(233)
61 + j*(-1)
-181 + j*(-221)
-1 + j*(556)
-402 + j*(-417)
311 + j*(-1)
453 + j*(-243)
76 + j*(-14)
176 + j*(-1)
108 + j*(-596)
100 + j*(17)
-570 + j*(245)
-599 + j*(1009)
319 + j*(546)
-112 + j*(13)
-547 + j*(-80)
-496 + j*(43)
-97 + j*(-56)
-657 + j*(148)
-383 + j*(520)
425 + j*(886)
224 + j*(175)
234 + j*(187)
5 + j*(-159)
-43 + j*(-1)
81 + j*(112)
97 + j*(-179)
-229 + j*(428)
425 + j*(-990)
401 + j*(249)
-16 + j*(200)
508 + j*(-1)
-1 + j*(84)
-89 + j*(129)
255 + j*(350)
1021 + j*(969)
201 + j*(-1024)
1002 + j*(-927)
-1024 + j*(-654)
-135 + j*(-35)
255 + j*(-913)
-683 + j*(-480)
-135 + j*(-129)
571 + j*(117)
879 + j*(-996)
-108 + j*(-502)
152 + j*(64)
341 + j*(-382)
-608 + j*(-646)
88 + j*(87)
1023 + j*(-320)
-1 + j*(-824)
-948 + j*(-933)
-1024 + j*(-1)
-122 + j*(8)
9 + j*(51)
-542 + j*(18)
-105 + j*(-46)
0 + j*(9)
-264 + j*(379)
224 + j*(447)
421 + j*(170)
24 + j*(40)
-51 + j*(0)
61 + j*(-387)
16 + j*(55)
1023 + j*(109)
1023 + j*(-481)
-846 + j*(-687)
-749 + j*(-208)
-1024 + j*(995)
-15 + j*(27)
-953 + j*(-235)
-270 + j*(344)
-18 + j*(33)
207 + j*(432)
-642 + j*(-804)
402 + j*(-444)
66 + j*(74)
-84 + j*(-7)
0 + j*(-27)
54 + j*(120)
1023 + j*(306)
327 + j*(-579)
-174 + j*(-404)
-138 + j*(-541)
-290 + j*(-975)
-23 + j*(183)
24 + j*(-1)
-575 + j*(-217)
-91 + j*(196)
-360 + j*(-452)
-1024 + j*(122)
-294 + j*(295)
-23 + j*(-188)
-59 + j*(-381)
-348 + j*(-208)
