chsch1_sync_f_4x0 = [1023 + j*(-1024)
-156 + j*(-826)
-1024 + j*(-1024)
-467 + j*(516)
18 + j*(-1024)
-509 + j*(-160)
189 + j*(339)
-748 + j*(-384)
-446 + j*(1023)
470 + j*(414)
-817 + j*(750)
796 + j*(1023)
1023 + j*(402)
-929 + j*(881)
1023 + j*(1023)
1023 + j*(985)
1023 + j*(-1024)
-876 + j*(-1024)
-1024 + j*(-725)
-922 + j*(1023)
-731 + j*(-1024)
-1024 + j*(-519)
-856 + j*(1023)
-1024 + j*(-1024)
-1024 + j*(-359)
-763 + j*(1023)
-1024 + j*(-1024)
-1024 + j*(523)
-777 + j*(1023)
-1024 + j*(-1024)
-1024 + j*(231)
-752 + j*(1023)
1023 + j*(1023)
1023 + j*(-415)
847 + j*(-1024)
-838 + j*(-806)
1023 + j*(-678)
636 + j*(-1024)
-666 + j*(-545)
1023 + j*(-407)
540 + j*(-708)
-615 + j*(-349)
-69 + j*(-413)
-776 + j*(742)
-488 + j*(1023)
-575 + j*(-588)
-1024 + j*(289)
102 + j*(1023)
1023 + j*(1023)
1023 + j*(-353)
-74 + j*(-1024)
-1024 + j*(-1024)
1023 + j*(-49)
1023 + j*(-1024)
-1024 + j*(-1024)
1023 + j*(-484)
-366 + j*(-1024)
-1024 + j*(-1024)
1023 + j*(388)
1023 + j*(-1024)
-758 + j*(-1024)
1023 + j*(650)
1023 + j*(-1024)
786 + j*(-1024)
-834 + j*(-1024)
-1024 + j*(-514)
-1024 + j*(1023)
327 + j*(1023)
-1024 + j*(-656)
-1024 + j*(1016)
-404 + j*(1023)
-967 + j*(-1024)
-1024 + j*(-55)
-1024 + j*(1023)
46 + j*(-1024)
-1024 + j*(-909)
-1024 + j*(181)
616 + j*(-1024)
-286 + j*(-1024)
-1024 + j*(-1024)
-1024 + j*(1023)
-1024 + j*(1023)
1023 + j*(1023)
1023 + j*(-348)
-246 + j*(1023)
818 + j*(1023)
928 + j*(246)
-1024 + j*(426)
-1024 + j*(995)
163 + j*(808)
-472 + j*(-469)
332 + j*(-318)
-1024 + j*(-58)
198 + j*(-935)
-370 + j*(-1024)
-1024 + j*(-341)
-1024 + j*(1023)
-484 + j*(1023)
1023 + j*(1023)
1023 + j*(-636)
-587 + j*(1023)
847 + j*(1023)
1023 + j*(154)
-1024 + j*(1023)
351 + j*(1023)
1023 + j*(491)
-1024 + j*(805)
-261 + j*(1023)
706 + j*(1023)
-1024 + j*(-275)
-1024 + j*(1023)
622 + j*(1023)
1023 + j*(873)
1023 + j*(-1024)
549 + j*(-1024)
-94 + j*(-1024)
1023 + j*(664)
1023 + j*(55)
965 + j*(-1024)
315 + j*(1023)
1023 + j*(906)
1023 + j*(-714)
-409 + j*(1023)
1023 + j*(1023)
1023 + j*(-50)
-861 + j*(1023)
1023 + j*(1023)
1023 + j*(-1017)
1023 + j*(-963)
-1009 + j*(-1024)
-1024 + j*(-1024)
-849 + j*(690)
101 + j*(-1024)
-1024 + j*(-650)
-653 + j*(804)
-388 + j*(-1008)
1023 + j*(-454)
-387 + j*(1023)
-814 + j*(-847)
-982 + j*(1023)
-352 + j*(1023)
-887 + j*(-802)
-1024 + j*(-422)
-826 + j*(1023)
773 + j*(821)
1023 + j*(-764)
105 + j*(-1024)
-838 + j*(-809)
1023 + j*(-494)
-216 + j*(-1024)
-930 + j*(-677)
1023 + j*(-1024)
-612 + j*(-1024)
-1024 + j*(-690)
766 + j*(-859)
-749 + j*(-1024)
-1024 + j*(248)
704 + j*(-1006)
-312 + j*(-1024)
-1024 + j*(262)
-1024 + j*(436)
52 + j*(1023)
1023 + j*(-876)
1023 + j*(-813)
119 + j*(1023)
1023 + j*(1023)
1023 + j*(-230)
-743 + j*(1023)
428 + j*(1023)
1023 + j*(445)
-1024 + j*(642)
-131 + j*(1023)
722 + j*(1023)
-1024 + j*(-302)
-1024 + j*(643)
-560 + j*(1023)
1023 + j*(1023)
1023 + j*(164)
674 + j*(-1024)
-389 + j*(-1024)
1023 + j*(498)
1023 + j*(-1024)
276 + j*(-1024)
56 + j*(-67)
1023 + j*(-674)
-276 + j*(351)
-363 + j*(530)
436 + j*(853)
325 + j*(640)
-850 + j*(-204)
-1024 + j*(796)
123 + j*(1023)
739 + j*(239)
1023 + j*(-734)
280 + j*(-1024)
-849 + j*(-1024)
1023 + j*(-123)
378 + j*(-1024)
-678 + j*(-1024)
1023 + j*(449)
660 + j*(-600)
-317 + j*(-1024)
1023 + j*(143)
261 + j*(-885)
-1 + j*(-865)
864 + j*(-360)
-320 + j*(-766)
-1024 + j*(-18)
-1024 + j*(526)
1023 + j*(1023)
1023 + j*(563)
1023 + j*(-1024)
1023 + j*(1023)
1023 + j*(302)
1023 + j*(-1024)
-139 + j*(1023)
1023 + j*(1023)
1023 + j*(-587)
-480 + j*(1023)
1023 + j*(539)
1023 + j*(-135)
-874 + j*(1023)
1021 + j*(1023)
1023 + j*(181)
219 + j*(-963)
-329 + j*(-1024)
-1024 + j*(-195)
-750 + j*(192)
108 + j*(-1024)
-620 + j*(-9)
-188 + j*(-123)
-650 + j*(37)
1023 + j*(-1024)
492 + j*(761)
-491 + j*(221)
-423 + j*(613)
159 + j*(1023)
-835 + j*(-220)
-753 + j*(885)
207 + j*(1023)
663 + j*(869)
1023 + j*(-209)
91 + j*(-1024)
-417 + j*(-1024)
1023 + j*(73)
1023 + j*(-928)
296 + j*(-1024)
1023 + j*(1023)
1023 + j*(-204)
954 + j*(-1024)
705 + j*(1023)
1023 + j*(383)
1023 + j*(-1024)
-318 + j*(1023)
1023 + j*(1023)
1023 + j*(255)
1023 + j*(-1024)
-1 + j*(-1024)
-717 + j*(-1024)
-1024 + j*(-62)
225 + j*(-1024)
-1 + j*(-1024)
-1024 + j*(-597)
973 + j*(143)
1023 + j*(-1024)
127 + j*(-848)
1023 + j*(682)
972 + j*(-1024)
607 + j*(-1024)
1023 + j*(962)
1016 + j*(-831)
147 + j*(-1024)
-1024 + j*(-1024)
-1024 + j*(1023)
53 + j*(1023)
856 + j*(680)
-898 + j*(622)
188 + j*(939)
836 + j*(327)
-840 + j*(182)
436 + j*(1023)
848 + j*(304)
-720 + j*(1023)
1023 + j*(920)
1023 + j*(403)
-861 + j*(1023)
915 + j*(1023)
1023 + j*(446)
1023 + j*(-1024)
299 + j*(-1024)
-1024 + j*(-753)
-830 + j*(599)
519 + j*(-915)
-466 + j*(-1024)
-453 + j*(168)
-493 + j*(319)
-492 + j*(989)
995 + j*(130)
-155 + j*(575)
-1 + j*(1023)
1023 + j*(-1)
-543 + j*(921)
589 + j*(1023)
1023 + j*(-445)
1023 + j*(-1024)
-386 + j*(-1024)
-1024 + j*(287)
-1024 + j*(795)
-443 + j*(-1024)
-1024 + j*(-693)
-1024 + j*(504)
616 + j*(-1024)
-1024 + j*(-1024)
-1024 + j*(79)
417 + j*(-807)
-503 + j*(-214)
-575 + j*(-3)
182 + j*(-248)
254 + j*(-456)
-1 + j*(-86)
274 + j*(-157)
-615 + j*(-1)
-1 + j*(-596)
-372 + j*(92)
234 + j*(-15)
-25 + j*(-710)
-399 + j*(27)
447 + j*(-77)
-864 + j*(-1024)
-69 + j*(-303)
337 + j*(-328)
-1 + j*(-394)
-1 + j*(-44)
198 + j*(-159)
-313 + j*(-1)
-308 + j*(-415)
-267 + j*(-139)
-446 + j*(-175)
-618 + j*(498)
-112 + j*(-49)
66 + j*(-635)
-589 + j*(204)
-225 + j*(-107)
414 + j*(-1024)
-495 + j*(-666)
-1024 + j*(-276)
228 + j*(-89)
-770 + j*(164)
-1 + j*(71)
128 + j*(-29)
-753 + j*(348)
-1 + j*(-169)
-1024 + j*(1023)
504 + j*(-78)
718 + j*(1023)
-60 + j*(-52)
-631 + j*(147)
-1 + j*(246)
-41 + j*(-120)
-544 + j*(136)
-1 + j*(550)
290 + j*(567)
175 + j*(-1)
-59 + j*(-102)
-1 + j*(531)
102 + j*(8)
-1024 + j*(412)
-96 + j*(278)
1023 + j*(800)
272 + j*(-174)
-2 + j*(-156)
3 + j*(-65)
-517 + j*(-422)
-109 + j*(304)
3 + j*(-132)
1023 + j*(-299)
800 + j*(530)
-465 + j*(-976)
94 + j*(114)
-240 + j*(-1)
78 + j*(501)
27 + j*(95)
-251 + j*(-338)
84 + j*(88)
38 + j*(332)
-138 + j*(-96)
-1 + j*(767)
-64 + j*(-3)
-609 + j*(-1)
409 + j*(-1)
-78 + j*(-67)
58 + j*(-278)
373 + j*(-737)
-228 + j*(-10)
107 + j*(0)
-335 + j*(-154)
-171 + j*(-1)
71 + j*(-6)
-1 + j*(-583)
-868 + j*(-1)
-1024 + j*(111)
-61 + j*(1023)
682 + j*(817)
59 + j*(-77)
-110 + j*(664)
-252 + j*(642)
95 + j*(-115)
401 + j*(-487)
-600 + j*(1023)
-699 + j*(-459)
12 + j*(149)
-176 + j*(-87)
-17 + j*(54)
-24 + j*(92)
-564 + j*(-456)
71 + j*(609)
-900 + j*(956)
964 + j*(-1024)
495 + j*(-32)
-24 + j*(-30)
23 + j*(166)
-99 + j*(-569)
13 + j*(-23)
41 + j*(312)
-1 + j*(615)
216 + j*(-1)
25 + j*(83)
-1 + j*(281)
942 + j*(-1)
-7 + j*(49)
-1 + j*(167)
-1 + j*(-1)
-1024 + j*(831)
-1 + j*(-266)
781 + j*(194)
-2 + j*(-41)
-1 + j*(260)
232 + j*(105)
32 + j*(-70)
472 + j*(-475)
813 + j*(-300)
-547 + j*(-617)
3 + j*(70)
-332 + j*(-91)
-126 + j*(-1)
-22 + j*(24)
-381 + j*(-421)
1023 + j*(102)
-591 + j*(223)
161 + j*(-773)
-799 + j*(28)
-6 + j*(-67)
488 + j*(171)
-245 + j*(-478)
22 + j*(-88)
-258 + j*(-609)
-1024 + j*(-1024)
-521 + j*(312)
27 + j*(36)
-274 + j*(22)
264 + j*(-471)
12 + j*(-30)
32 + j*(-628)
-96 + j*(36)
-892 + j*(1023)
553 + j*(301)
10 + j*(147)
78 + j*(-160)
99 + j*(-247)
-142 + j*(163)
113 + j*(-109)
48 + j*(-292)
962 + j*(-14)
-647 + j*(-50)
191 + j*(280)
243 + j*(-181)
-188 + j*(-247)
21 + j*(154)
420 + j*(-157)
437 + j*(-114)
-241 + j*(-371)
-1 + j*(614)
-364 + j*(-45)
56 + j*(29)
529 + j*(402)
108 + j*(-248)
98 + j*(3)
-400 + j*(76)
-1024 + j*(1023)
197 + j*(399)
-52 + j*(71)
-884 + j*(76)
-68 + j*(861)
-23 + j*(13)
-654 + j*(17)
-475 + j*(121)
-1 + j*(302)
244 + j*(37)
116 + j*(85)
103 + j*(-71)
170 + j*(-134)
-625 + j*(-1)
-1 + j*(-70)
-11 + j*(-84)
-407 + j*(-1)
54 + j*(-79)
-97 + j*(-175)
-507 + j*(229)
-161 + j*(128)
-89 + j*(90)
-276 + j*(586)
-685 + j*(377)
1023 + j*(0)
180 + j*(825)
0 + j*(-764)
11 + j*(-42)
-19 + j*(85)
637 + j*(159)
84 + j*(-71)
-29 + j*(-174)
381 + j*(-339)
-217 + j*(-150)
-12 + j*(120)
-503 + j*(-63)
-4 + j*(-371)
