chsch3_sync_f_4x1 = [1023 + j*(-31)
-778 + j*(781)
419 + j*(1023)
1023 + j*(-71)
1023 + j*(-1024)
-1024 + j*(-1024)
-1024 + j*(-1024)
-1024 + j*(133)
262 + j*(-1024)
-1024 + j*(-1024)
-1024 + j*(-610)
812 + j*(-418)
1023 + j*(-673)
-382 + j*(-988)
1023 + j*(-219)
832 + j*(-1024)
-64 + j*(-1024)
1023 + j*(409)
1023 + j*(-1024)
1023 + j*(-1024)
-1024 + j*(-981)
-1024 + j*(-1024)
-877 + j*(791)
703 + j*(628)
-701 + j*(220)
34 + j*(507)
639 + j*(415)
-1024 + j*(377)
913 + j*(1023)
955 + j*(461)
-607 + j*(620)
612 + j*(508)
1023 + j*(316)
-802 + j*(806)
-394 + j*(1023)
1023 + j*(299)
1023 + j*(-899)
-77 + j*(-1024)
-1024 + j*(-299)
-1024 + j*(444)
-25 + j*(-1024)
-1024 + j*(-1024)
-1024 + j*(-67)
-235 + j*(-586)
-1024 + j*(640)
88 + j*(54)
426 + j*(-45)
1023 + j*(838)
1023 + j*(-494)
-237 + j*(568)
1023 + j*(1023)
1023 + j*(-1024)
844 + j*(-1024)
-589 + j*(-1024)
-1024 + j*(-898)
-1024 + j*(408)
-30 + j*(-1024)
-1024 + j*(-991)
-1024 + j*(-388)
769 + j*(-1024)
341 + j*(-1024)
-871 + j*(-963)
1023 + j*(-802)
762 + j*(-1024)
-1014 + j*(-1024)
1023 + j*(124)
1023 + j*(-779)
841 + j*(-1024)
-1024 + j*(-1024)
-1024 + j*(-703)
-1024 + j*(1023)
546 + j*(897)
-1024 + j*(-587)
-1024 + j*(1023)
78 + j*(720)
-1024 + j*(53)
-352 + j*(1023)
721 + j*(632)
-292 + j*(-71)
227 + j*(423)
837 + j*(655)
-483 + j*(422)
-127 + j*(-78)
412 + j*(1023)
871 + j*(-1024)
591 + j*(-1024)
-1024 + j*(-970)
-1024 + j*(564)
970 + j*(-1024)
-1024 + j*(-1024)
-1024 + j*(-79)
458 + j*(-1024)
691 + j*(-1024)
-1024 + j*(-99)
1023 + j*(-1017)
370 + j*(-1024)
-1024 + j*(-1024)
1023 + j*(-67)
1023 + j*(-1024)
-469 + j*(-1024)
-730 + j*(-1024)
-1024 + j*(147)
-612 + j*(1023)
165 + j*(1023)
-1024 + j*(-505)
-1024 + j*(1023)
-832 + j*(864)
-1024 + j*(-1024)
-1024 + j*(92)
-762 + j*(1015)
841 + j*(-1024)
-845 + j*(-1003)
-872 + j*(-749)
1023 + j*(-121)
1012 + j*(-539)
-452 + j*(-1024)
-1024 + j*(-1024)
-876 + j*(852)
-887 + j*(1023)
299 + j*(1023)
-1024 + j*(-1024)
-1024 + j*(1023)
-828 + j*(1023)
-1024 + j*(-1024)
-1024 + j*(-374)
-1024 + j*(1023)
-197 + j*(-1024)
-1024 + j*(-1024)
-1024 + j*(1023)
537 + j*(-1024)
-1024 + j*(-1024)
-1024 + j*(958)
-1024 + j*(1023)
709 + j*(1023)
1023 + j*(1023)
1023 + j*(-61)
-1024 + j*(1023)
485 + j*(1023)
805 + j*(801)
-1024 + j*(262)
-1024 + j*(236)
819 + j*(1023)
-1024 + j*(-939)
-1024 + j*(899)
-478 + j*(1023)
-1024 + j*(-1024)
-1024 + j*(456)
-444 + j*(1023)
378 + j*(1023)
684 + j*(-537)
1023 + j*(-1024)
-894 + j*(-849)
1023 + j*(-315)
328 + j*(-982)
-1024 + j*(-789)
-227 + j*(-1024)
-514 + j*(-935)
-1024 + j*(911)
1023 + j*(-1024)
-830 + j*(-1024)
-1024 + j*(-693)
1023 + j*(-1024)
-1024 + j*(-1024)
-1024 + j*(-1024)
-1024 + j*(1023)
-350 + j*(1023)
1023 + j*(1023)
883 + j*(-825)
154 + j*(1023)
1023 + j*(659)
426 + j*(-703)
-1024 + j*(63)
101 + j*(-422)
296 + j*(1023)
682 + j*(-457)
-1024 + j*(-1024)
-1024 + j*(-31)
776 + j*(-907)
-983 + j*(-1024)
-1024 + j*(-789)
-1024 + j*(584)
904 + j*(1023)
933 + j*(1023)
1023 + j*(-1024)
-212 + j*(1023)
1023 + j*(1013)
898 + j*(-1024)
-490 + j*(377)
311 + j*(312)
168 + j*(257)
675 + j*(1017)
1001 + j*(-463)
-1 + j*(-732)
782 + j*(962)
1023 + j*(-1024)
367 + j*(-832)
-1024 + j*(-821)
-1024 + j*(267)
-1024 + j*(1023)
1023 + j*(1023)
-1024 + j*(1023)
-1024 + j*(1023)
1023 + j*(1023)
-1024 + j*(495)
-1024 + j*(-191)
1023 + j*(1023)
-1024 + j*(-309)
-1024 + j*(1023)
63 + j*(1023)
-1024 + j*(-757)
-1024 + j*(735)
841 + j*(1023)
555 + j*(-30)
1023 + j*(-1024)
-235 + j*(-1024)
-271 + j*(-968)
1017 + j*(-14)
69 + j*(-646)
257 + j*(-850)
338 + j*(241)
-411 + j*(-1024)
346 + j*(-8)
-258 + j*(224)
44 + j*(135)
322 + j*(30)
-701 + j*(-409)
287 + j*(249)
1023 + j*(655)
471 + j*(1023)
573 + j*(-793)
1023 + j*(-466)
-438 + j*(-1024)
1023 + j*(1023)
1023 + j*(-966)
12 + j*(-1024)
450 + j*(647)
1023 + j*(-608)
934 + j*(-411)
1023 + j*(1023)
1023 + j*(896)
1023 + j*(-1024)
30 + j*(1023)
1023 + j*(956)
1023 + j*(143)
566 + j*(-1024)
52 + j*(-1024)
-1024 + j*(-1024)
-972 + j*(133)
1023 + j*(-339)
44 + j*(-1024)
-955 + j*(-904)
852 + j*(-760)
-238 + j*(-996)
-1024 + j*(-195)
1023 + j*(-14)
606 + j*(-1024)
-1011 + j*(-1024)
1023 + j*(451)
1023 + j*(-1024)
229 + j*(-1024)
-1006 + j*(-1024)
-1024 + j*(-243)
-1024 + j*(706)
658 + j*(950)
-541 + j*(-297)
-1024 + j*(58)
65 + j*(701)
-93 + j*(-1024)
-1024 + j*(251)
-595 + j*(1023)
-81 + j*(-950)
-931 + j*(5)
-359 + j*(-33)
432 + j*(-1024)
-961 + j*(14)
55 + j*(304)
-1024 + j*(1023)
272 + j*(519)
1023 + j*(379)
1023 + j*(-931)
-368 + j*(1023)
1023 + j*(1023)
1023 + j*(-633)
-328 + j*(1023)
-143 + j*(1023)
1023 + j*(-134)
-509 + j*(1023)
1023 + j*(1023)
1023 + j*(15)
-683 + j*(1023)
287 + j*(1023)
1023 + j*(-1)
910 + j*(-472)
-99 + j*(-1024)
-1024 + j*(-1)
-507 + j*(445)
-1 + j*(-1024)
-964 + j*(-477)
-11 + j*(-138)
-169 + j*(-800)
-485 + j*(-89)
-40 + j*(504)
92 + j*(873)
1023 + j*(1023)
1023 + j*(15)
-315 + j*(978)
190 + j*(1023)
1023 + j*(-1)
953 + j*(-1024)
-1 + j*(-1024)
-1024 + j*(-730)
-983 + j*(756)
-1 + j*(-1024)
-843 + j*(-1024)
-1024 + j*(408)
630 + j*(-1024)
-567 + j*(-1024)
-1024 + j*(-1)
735 + j*(-698)
-1 + j*(-470)
-91 + j*(306)
551 + j*(-307)
711 + j*(-977)
-224 + j*(-572)
-742 + j*(-447)
-721 + j*(-1)
-1 + j*(-352)
99 + j*(165)
-139 + j*(-93)
-1024 + j*(-1)
-57 + j*(48)
-1 + j*(-1024)
-353 + j*(-684)
-906 + j*(-1)
385 + j*(-143)
89 + j*(-177)
-918 + j*(-1)
354 + j*(-133)
150 + j*(-487)
-353 + j*(-1)
-1 + j*(-236)
-1 + j*(-282)
6 + j*(-1)
208 + j*(47)
-148 + j*(-226)
-177 + j*(-325)
212 + j*(-67)
-388 + j*(-645)
-982 + j*(510)
-312 + j*(748)
242 + j*(139)
-711 + j*(-25)
-419 + j*(32)
213 + j*(20)
-75 + j*(96)
9 + j*(-110)
-1024 + j*(-935)
-366 + j*(-1)
-1 + j*(45)
133 + j*(20)
-157 + j*(-1)
-1 + j*(-1006)
-71 + j*(133)
637 + j*(-838)
-1024 + j*(-1)
-794 + j*(-115)
270 + j*(-1)
-52 + j*(-495)
-1 + j*(239)
219 + j*(176)
-239 + j*(-118)
-1 + j*(-379)
-645 + j*(-363)
-181 + j*(-1)
194 + j*(411)
85 + j*(134)
-856 + j*(150)
-113 + j*(82)
158 + j*(-53)
-356 + j*(-814)
-493 + j*(-125)
-754 + j*(697)
284 + j*(255)
-6 + j*(-565)
-8 + j*(-215)
263 + j*(174)
-284 + j*(-276)
-1 + j*(147)
-789 + j*(-1)
651 + j*(-1)
261 + j*(327)
136 + j*(205)
-341 + j*(-1)
-314 + j*(106)
202 + j*(66)
80 + j*(243)
-855 + j*(409)
118 + j*(18)
186 + j*(220)
-519 + j*(-1)
-81 + j*(441)
226 + j*(142)
-950 + j*(492)
-47 + j*(-180)
-415 + j*(16)
-1 + j*(122)
742 + j*(67)
158 + j*(222)
249 + j*(111)
17 + j*(434)
240 + j*(139)
152 + j*(-333)
-932 + j*(363)
-266 + j*(-57)
88 + j*(191)
366 + j*(-159)
-57 + j*(416)
175 + j*(97)
-828 + j*(-34)
-1 + j*(72)
-21 + j*(628)
568 + j*(78)
-88 + j*(-3)
187 + j*(188)
-107 + j*(-1)
-369 + j*(-122)
317 + j*(158)
-499 + j*(-1024)
-36 + j*(-595)
-788 + j*(974)
-38 + j*(233)
-36 + j*(-363)
-270 + j*(70)
59 + j*(95)
-1 + j*(-228)
111 + j*(-23)
131 + j*(182)
-1 + j*(-560)
-29 + j*(-140)
64 + j*(41)
3 + j*(-523)
446 + j*(-164)
73 + j*(-277)
112 + j*(-265)
-1 + j*(-503)
-166 + j*(-1)
-1 + j*(242)
529 + j*(-122)
-769 + j*(-170)
21 + j*(192)
328 + j*(-247)
424 + j*(578)
265 + j*(-1)
420 + j*(-220)
287 + j*(-731)
-9 + j*(145)
334 + j*(-230)
-721 + j*(-177)
150 + j*(61)
256 + j*(-839)
-99 + j*(-804)
-664 + j*(208)
87 + j*(306)
-791 + j*(-232)
-438 + j*(-330)
119 + j*(237)
306 + j*(-1)
6 + j*(260)
-304 + j*(-415)
309 + j*(-581)
-1 + j*(906)
-14 + j*(273)
-255 + j*(-1)
-177 + j*(592)
65 + j*(220)
14 + j*(-197)
-879 + j*(-1024)
-219 + j*(340)
83 + j*(131)
97 + j*(-1)
-1 + j*(251)
192 + j*(115)
-1024 + j*(-1)
-1 + j*(670)
-477 + j*(-642)
707 + j*(-1)
-334 + j*(-131)
117 + j*(275)
750 + j*(-956)
-855 + j*(-163)
-162 + j*(175)
588 + j*(-991)
-1024 + j*(-1024)
-1024 + j*(220)
9 + j*(59)
18 + j*(-1024)
-1024 + j*(-344)
91 + j*(34)
1023 + j*(-1024)
-674 + j*(-1024)
-1024 + j*(477)
-1024 + j*(-1)
-395 + j*(401)
126 + j*(166)
-974 + j*(-438)
-53 + j*(392)
251 + j*(240)
372 + j*(-504)
-510 + j*(-1)
-578 + j*(-107)
-135 + j*(183)
-467 + j*(-1)
0 + j*(30)
30 + j*(81)
-369 + j*(394)
-140 + j*(1023)
-111 + j*(972)
959 + j*(-32)
98 + j*(915)
79 + j*(140)
-458 + j*(0)
-266 + j*(712)
228 + j*(206)
734 + j*(-654)
