chsch0_sync_f_4x1 = [-1024 + j*(311)
76 + j*(-1024)
-1024 + j*(-726)
-1024 + j*(1023)
-1024 + j*(1023)
1023 + j*(1023)
1023 + j*(504)
923 + j*(-741)
-1024 + j*(1023)
1023 + j*(1023)
1023 + j*(88)
-871 + j*(1023)
1023 + j*(1023)
1023 + j*(-51)
-1024 + j*(32)
-668 + j*(1023)
365 + j*(1023)
-1024 + j*(-548)
-1024 + j*(24)
-175 + j*(1023)
-235 + j*(1023)
1023 + j*(429)
1023 + j*(-1024)
-732 + j*(-1024)
1023 + j*(1023)
1023 + j*(-1024)
-421 + j*(-1024)
1023 + j*(1023)
1023 + j*(-434)
947 + j*(-1024)
1023 + j*(938)
1023 + j*(-1024)
779 + j*(-1024)
773 + j*(923)
1023 + j*(-428)
1023 + j*(-1024)
-706 + j*(-1024)
-1024 + j*(408)
389 + j*(1023)
879 + j*(645)
-1024 + j*(1023)
550 + j*(1023)
980 + j*(849)
-1024 + j*(1023)
750 + j*(1023)
1023 + j*(612)
-1024 + j*(622)
319 + j*(1023)
1023 + j*(752)
-1024 + j*(686)
661 + j*(1023)
1023 + j*(837)
956 + j*(-820)
123 + j*(-1024)
-1024 + j*(-390)
-1023 + j*(720)
-741 + j*(-1024)
-1024 + j*(-249)
-982 + j*(1023)
-1024 + j*(909)
609 + j*(-159)
1023 + j*(798)
-1024 + j*(-1024)
-1024 + j*(1023)
-273 + j*(1023)
-1024 + j*(-1024)
-1024 + j*(1023)
107 + j*(1023)
1023 + j*(818)
1023 + j*(-1024)
1023 + j*(-1024)
-1010 + j*(-1024)
1023 + j*(-325)
1023 + j*(-1024)
-1015 + j*(-817)
284 + j*(726)
825 + j*(-467)
759 + j*(-185)
-19 + j*(-654)
-159 + j*(-328)
362 + j*(496)
-711 + j*(-717)
-1024 + j*(-253)
1023 + j*(1023)
28 + j*(1023)
1023 + j*(-1024)
489 + j*(-1024)
-1024 + j*(-1024)
1023 + j*(-402)
1023 + j*(-1024)
-1024 + j*(-1024)
1023 + j*(678)
1023 + j*(-759)
-339 + j*(-1024)
1023 + j*(452)
1023 + j*(-1024)
-542 + j*(-1024)
1023 + j*(754)
1023 + j*(-1024)
1023 + j*(-1024)
-747 + j*(-1024)
-1024 + j*(-956)
-689 + j*(1023)
147 + j*(392)
-839 + j*(70)
-345 + j*(-43)
-580 + j*(-133)
-138 + j*(1023)
76 + j*(-891)
974 + j*(-1024)
1020 + j*(-255)
1023 + j*(-702)
122 + j*(-1024)
959 + j*(329)
1023 + j*(-392)
1013 + j*(-1024)
-918 + j*(-1024)
-1024 + j*(265)
-1024 + j*(1023)
336 + j*(971)
-1024 + j*(-590)
-1024 + j*(1023)
-541 + j*(1023)
-1024 + j*(-165)
-1024 + j*(942)
827 + j*(1023)
-66 + j*(-1024)
-1024 + j*(-1024)
-1024 + j*(775)
407 + j*(-1024)
-1024 + j*(-1024)
-1024 + j*(-896)
-1024 + j*(1023)
388 + j*(1023)
1023 + j*(826)
988 + j*(-964)
541 + j*(1023)
1023 + j*(1001)
837 + j*(-904)
-922 + j*(830)
-132 + j*(746)
946 + j*(193)
364 + j*(606)
1023 + j*(638)
1023 + j*(-1024)
500 + j*(498)
1023 + j*(539)
220 + j*(-1024)
-1024 + j*(-757)
-1024 + j*(1014)
-89 + j*(1023)
1023 + j*(779)
-1024 + j*(908)
-596 + j*(1023)
982 + j*(1023)
-1024 + j*(404)
-1024 + j*(1023)
1023 + j*(1023)
-1024 + j*(-620)
-1024 + j*(1023)
361 + j*(1023)
-1024 + j*(-927)
-1024 + j*(904)
-967 + j*(1023)
950 + j*(1023)
1023 + j*(-1018)
1023 + j*(-1024)
-618 + j*(-1024)
1023 + j*(811)
1023 + j*(-1024)
-397 + j*(-1024)
508 + j*(1023)
1023 + j*(553)
1023 + j*(-1024)
1023 + j*(754)
1023 + j*(-506)
1023 + j*(-1024)
900 + j*(699)
1023 + j*(394)
1023 + j*(313)
396 + j*(-1024)
135 + j*(-1024)
63 + j*(1023)
920 + j*(360)
-1024 + j*(1023)
488 + j*(1023)
1023 + j*(182)
-1024 + j*(786)
22 + j*(1023)
1023 + j*(411)
-803 + j*(734)
446 + j*(1023)
1023 + j*(33)
-844 + j*(668)
211 + j*(1023)
1023 + j*(-1)
576 + j*(-1024)
-1 + j*(-887)
-1024 + j*(-767)
-729 + j*(219)
329 + j*(-1024)
-895 + j*(-370)
-678 + j*(-189)
-429 + j*(-118)
-422 + j*(-774)
287 + j*(-35)
796 + j*(-262)
789 + j*(-160)
664 + j*(-1024)
807 + j*(244)
977 + j*(-1024)
-313 + j*(-1024)
-1024 + j*(-436)
-606 + j*(1023)
-146 + j*(1023)
991 + j*(706)
-1024 + j*(-189)
-272 + j*(1023)
805 + j*(670)
-1024 + j*(-257)
-481 + j*(1017)
519 + j*(1023)
-1024 + j*(65)
-227 + j*(747)
32 + j*(1023)
-1024 + j*(247)
-658 + j*(665)
986 + j*(-630)
-568 + j*(-228)
-66 + j*(-483)
-1015 + j*(764)
-515 + j*(803)
-1024 + j*(-1024)
-1024 + j*(542)
-577 + j*(1023)
-1024 + j*(-569)
-1024 + j*(576)
394 + j*(1023)
-1024 + j*(-1024)
-1024 + j*(911)
124 + j*(1023)
-954 + j*(-1024)
-1024 + j*(897)
-90 + j*(837)
1019 + j*(1023)
509 + j*(144)
568 + j*(93)
-165 + j*(-647)
-25 + j*(621)
385 + j*(44)
174 + j*(-119)
-1024 + j*(648)
-41 + j*(1023)
1023 + j*(839)
-40 + j*(573)
-2 + j*(1023)
1023 + j*(0)
-627 + j*(533)
199 + j*(1023)
1023 + j*(998)
1023 + j*(-1024)
-717 + j*(-1024)
-1024 + j*(-1020)
-836 + j*(687)
-320 + j*(-1024)
-1024 + j*(-207)
-1024 + j*(876)
-992 + j*(-1024)
-1024 + j*(255)
-345 + j*(1023)
-584 + j*(-1024)
-1024 + j*(217)
-155 + j*(1023)
-742 + j*(-1024)
-1024 + j*(-1)
-260 + j*(1023)
-1 + j*(1023)
1023 + j*(-1)
244 + j*(-739)
-450 + j*(-964)
847 + j*(148)
-82 + j*(-60)
-404 + j*(-725)
-505 + j*(229)
-190 + j*(1001)
575 + j*(741)
-41 + j*(-591)
-772 + j*(1023)
-340 + j*(1023)
-586 + j*(-824)
-1024 + j*(-333)
-808 + j*(1023)
432 + j*(233)
1023 + j*(-16)
754 + j*(-582)
-470 + j*(-588)
170 + j*(425)
-68 + j*(-380)
-262 + j*(-110)
71 + j*(-166)
-1024 + j*(-501)
153 + j*(532)
-1 + j*(-256)
-468 + j*(-191)
716 + j*(43)
-331 + j*(-738)
-280 + j*(707)
886 + j*(708)
1023 + j*(539)
1023 + j*(-1024)
150 + j*(-1024)
-727 + j*(-1024)
1023 + j*(-502)
1023 + j*(-1024)
-592 + j*(-1024)
867 + j*(570)
1023 + j*(-510)
504 + j*(-806)
1023 + j*(430)
737 + j*(-627)
50 + j*(-916)
725 + j*(146)
719 + j*(572)
426 + j*(-1024)
-619 + j*(502)
-836 + j*(-74)
616 + j*(208)
-28 + j*(-522)
-1 + j*(254)
544 + j*(-1)
-173 + j*(-1024)
-95 + j*(215)
398 + j*(301)
420 + j*(-97)
948 + j*(309)
326 + j*(-151)
-232 + j*(-36)
509 + j*(165)
116 + j*(-550)
93 + j*(142)
-505 + j*(-142)
-1 + j*(-158)
72 + j*(-1)
11 + j*(-223)
141 + j*(255)
-173 + j*(-638)
-195 + j*(-269)
-381 + j*(-441)
-1 + j*(-12)
11 + j*(352)
716 + j*(-120)
38 + j*(-196)
-348 + j*(-920)
386 + j*(-43)
805 + j*(-400)
-149 + j*(-449)
-649 + j*(293)
-341 + j*(-1)
653 + j*(308)
59 + j*(-312)
-282 + j*(305)
833 + j*(-1)
131 + j*(-522)
-428 + j*(-308)
-902 + j*(573)
60 + j*(486)
183 + j*(71)
-764 + j*(-1)
131 + j*(105)
368 + j*(-15)
-613 + j*(-1)
-378 + j*(283)
-110 + j*(-172)
386 + j*(-1)
417 + j*(-93)
157 + j*(-260)
240 + j*(154)
358 + j*(-233)
127 + j*(-643)
-1024 + j*(-458)
-1024 + j*(962)
532 + j*(1023)
627 + j*(233)
419 + j*(94)
-51 + j*(22)
284 + j*(37)
34 + j*(-523)
-1024 + j*(184)
560 + j*(467)
512 + j*(-100)
348 + j*(-1)
22 + j*(-217)
72 + j*(35)
249 + j*(-1)
-40 + j*(-609)
-100 + j*(-1024)
-927 + j*(-66)
-760 + j*(888)
775 + j*(72)
-302 + j*(-1)
-1 + j*(-30)
482 + j*(-105)
-397 + j*(-1)
-366 + j*(143)
-624 + j*(-345)
-615 + j*(-1)
-1 + j*(288)
313 + j*(-283)
167 + j*(290)
316 + j*(219)
332 + j*(-621)
230 + j*(-157)
-670 + j*(1023)
-201 + j*(-218)
583 + j*(349)
-525 + j*(28)
-189 + j*(104)
339 + j*(67)
157 + j*(-383)
-537 + j*(-162)
208 + j*(-437)
-352 + j*(667)
-455 + j*(170)
230 + j*(-184)
-736 + j*(240)
-269 + j*(971)
288 + j*(-519)
-963 + j*(-590)
-787 + j*(-763)
108 + j*(1023)
527 + j*(296)
-150 + j*(647)
-317 + j*(465)
305 + j*(4)
-592 + j*(752)
-1 + j*(-80)
146 + j*(1023)
311 + j*(-1)
928 + j*(-960)
210 + j*(-307)
710 + j*(120)
824 + j*(-514)
303 + j*(-710)
316 + j*(-1024)
33 + j*(329)
-1024 + j*(489)
749 + j*(498)
493 + j*(-717)
182 + j*(-416)
530 + j*(220)
446 + j*(-425)
-154 + j*(-1024)
-411 + j*(-80)
-1024 + j*(835)
-3 + j*(-127)
414 + j*(8)
-431 + j*(-1)
-1 + j*(384)
505 + j*(-304)
213 + j*(-1)
-268 + j*(742)
-397 + j*(-220)
383 + j*(413)
-1 + j*(-77)
201 + j*(-182)
316 + j*(108)
-1 + j*(-666)
-328 + j*(362)
-13 + j*(178)
260 + j*(-245)
-862 + j*(-230)
384 + j*(-94)
266 + j*(-1024)
-45 + j*(461)
559 + j*(-328)
-224 + j*(-612)
19 + j*(886)
-205 + j*(556)
342 + j*(546)
-244 + j*(-893)
-684 + j*(697)
274 + j*(203)
-1006 + j*(-820)
-1 + j*(309)
-350 + j*(92)
182 + j*(-1)
-1 + j*(669)
369 + j*(-45)
-960 + j*(-1)
85 + j*(348)
389 + j*(-329)
-538 + j*(7)
-2 + j*(-1)
-1 + j*(689)
273 + j*(627)
-24 + j*(193)
353 + j*(328)
213 + j*(322)
-826 + j*(250)
259 + j*(-1)
-1 + j*(-76)
-180 + j*(-341)
-176 + j*(-129)
237 + j*(89)
56 + j*(-890)
-591 + j*(-139)
119 + j*(-224)
470 + j*(-1024)
-307 + j*(348)
-940 + j*(188)
281 + j*(359)
392 + j*(-76)
-193 + j*(-312)
275 + j*(283)
-355 + j*(-668)
-1 + j*(966)
-901 + j*(0)
837 + j*(5)
0 + j*(231)
380 + j*(196)
-458 + j*(-196)
-359 + j*(346)
640 + j*(36)
53 + j*(0)
