chsch1_sync_f_4x1 = [-1024 + j*(-437)
1023 + j*(-1024)
-77 + j*(-1024)
-1024 + j*(95)
-834 + j*(487)
78 + j*(1023)
1023 + j*(168)
913 + j*(-554)
428 + j*(1023)
1015 + j*(201)
1023 + j*(-407)
631 + j*(-240)
-142 + j*(448)
-460 + j*(-43)
-345 + j*(585)
-397 + j*(29)
-153 + j*(855)
-515 + j*(-177)
-867 + j*(-89)
-184 + j*(537)
1023 + j*(950)
1023 + j*(-400)
853 + j*(-1024)
-564 + j*(-1024)
1023 + j*(803)
1023 + j*(-1024)
-91 + j*(-1024)
1023 + j*(323)
1023 + j*(-1024)
-540 + j*(-1024)
1023 + j*(1023)
1023 + j*(-1024)
683 + j*(-1024)
1023 + j*(1023)
1023 + j*(-967)
766 + j*(-1024)
-346 + j*(-1024)
-1024 + j*(1023)
-1024 + j*(1023)
819 + j*(733)
-1024 + j*(938)
497 + j*(1023)
1023 + j*(209)
-970 + j*(-267)
63 + j*(-796)
104 + j*(978)
-482 + j*(1023)
728 + j*(1023)
1023 + j*(6)
-517 + j*(1023)
713 + j*(788)
579 + j*(969)
1023 + j*(-1024)
-352 + j*(-706)
-837 + j*(-1024)
-850 + j*(737)
787 + j*(-1024)
-655 + j*(-1024)
-513 + j*(172)
-47 + j*(-555)
-525 + j*(-1024)
-251 + j*(480)
255 + j*(666)
877 + j*(386)
955 + j*(-654)
-155 + j*(986)
858 + j*(824)
1023 + j*(1023)
93 + j*(-1024)
933 + j*(-1024)
-1024 + j*(-1024)
-1024 + j*(963)
1023 + j*(-1024)
-1024 + j*(-1024)
-1024 + j*(574)
980 + j*(-1024)
-979 + j*(-1024)
-1024 + j*(-360)
1023 + j*(-1024)
152 + j*(-1024)
-1024 + j*(-858)
1023 + j*(-907)
647 + j*(-1024)
-1024 + j*(503)
-628 + j*(1023)
667 + j*(1023)
1023 + j*(-48)
692 + j*(-581)
1023 + j*(1023)
1023 + j*(-389)
640 + j*(-855)
1023 + j*(274)
1023 + j*(-1024)
-1024 + j*(-1024)
1023 + j*(1023)
1023 + j*(-1024)
404 + j*(-1024)
1023 + j*(1013)
1023 + j*(-456)
44 + j*(-1024)
-989 + j*(-879)
-1024 + j*(743)
-603 + j*(1023)
1023 + j*(1023)
-1024 + j*(358)
-577 + j*(1023)
1023 + j*(1023)
-1024 + j*(-755)
-453 + j*(1023)
-484 + j*(1023)
-1024 + j*(65)
-1024 + j*(1023)
31 + j*(1023)
-1024 + j*(-345)
-1024 + j*(1023)
-1024 + j*(1023)
1023 + j*(1023)
1023 + j*(245)
763 + j*(-1024)
-555 + j*(-1024)
1023 + j*(682)
1023 + j*(-1024)
219 + j*(-1024)
1023 + j*(599)
1023 + j*(-1024)
-89 + j*(-960)
580 + j*(1023)
1023 + j*(712)
1023 + j*(-1024)
-114 + j*(1023)
1023 + j*(1023)
1023 + j*(460)
1023 + j*(-1024)
215 + j*(-1024)
-1024 + j*(-918)
-1024 + j*(661)
1023 + j*(-1024)
-1024 + j*(-1024)
-1024 + j*(-204)
1023 + j*(-835)
-1024 + j*(-1024)
-1024 + j*(-866)
1023 + j*(92)
1011 + j*(-1024)
-585 + j*(-1024)
1023 + j*(775)
1023 + j*(-1024)
216 + j*(-1024)
-456 + j*(-1024)
-1024 + j*(173)
-1024 + j*(1023)
142 + j*(1023)
-1024 + j*(-1024)
-1024 + j*(663)
-389 + j*(910)
308 + j*(-473)
-423 + j*(-1024)
-889 + j*(-221)
694 + j*(-169)
294 + j*(-1024)
-1024 + j*(-1024)
1023 + j*(487)
1023 + j*(-783)
-398 + j*(-1024)
-610 + j*(-926)
-1024 + j*(-291)
-997 + j*(1023)
482 + j*(1023)
-1024 + j*(-1024)
-1024 + j*(583)
6 + j*(1023)
-370 + j*(-1024)
-529 + j*(-386)
-1024 + j*(697)
-509 + j*(-1024)
-1024 + j*(-1024)
-1024 + j*(475)
537 + j*(-1024)
-492 + j*(-1024)
-1024 + j*(-579)
-1024 + j*(620)
-714 + j*(1023)
1004 + j*(1023)
1023 + j*(-38)
-1024 + j*(1023)
996 + j*(1023)
1023 + j*(713)
-569 + j*(-34)
-247 + j*(1023)
-658 + j*(652)
-853 + j*(-44)
-471 + j*(-113)
-647 + j*(65)
-1 + j*(-508)
-1024 + j*(-497)
-1024 + j*(547)
-191 + j*(1023)
1023 + j*(1023)
1023 + j*(212)
1023 + j*(-402)
-207 + j*(1023)
1023 + j*(803)
1023 + j*(109)
-1 + j*(1023)
28 + j*(88)
257 + j*(386)
-1024 + j*(1023)
719 + j*(1023)
1023 + j*(952)
-1024 + j*(1023)
-205 + j*(339)
138 + j*(394)
520 + j*(-227)
622 + j*(141)
-132 + j*(-361)
-646 + j*(950)
-794 + j*(-1024)
-1024 + j*(184)
-248 + j*(1023)
-545 + j*(-510)
-192 + j*(159)
-549 + j*(1023)
-1024 + j*(-610)
-1024 + j*(1023)
-180 + j*(1023)
-1024 + j*(-593)
-1024 + j*(763)
-144 + j*(1023)
1023 + j*(1023)
1023 + j*(-9)
657 + j*(-1024)
-831 + j*(-630)
1023 + j*(-1)
-1 + j*(-1024)
-604 + j*(-421)
1023 + j*(422)
777 + j*(-269)
-383 + j*(-655)
413 + j*(-222)
-34 + j*(-652)
-366 + j*(-647)
495 + j*(-489)
-1024 + j*(-505)
-85 + j*(1023)
-284 + j*(1023)
1023 + j*(61)
1023 + j*(699)
960 + j*(-735)
177 + j*(1023)
1023 + j*(1023)
1023 + j*(-541)
-207 + j*(1023)
1023 + j*(455)
1023 + j*(-452)
-1014 + j*(1023)
1023 + j*(1023)
1023 + j*(335)
-1021 + j*(1023)
-1 + j*(1023)
1023 + j*(625)
-1 + j*(-506)
506 + j*(-1024)
-1024 + j*(-75)
-939 + j*(562)
116 + j*(-1024)
-1 + j*(-1024)
-606 + j*(439)
797 + j*(-89)
829 + j*(-1024)
-182 + j*(-218)
-836 + j*(-289)
-79 + j*(98)
70 + j*(1023)
-893 + j*(-323)
-1024 + j*(119)
-1 + j*(985)
101 + j*(-139)
1023 + j*(-101)
-334 + j*(-1024)
-959 + j*(-1024)
1023 + j*(-542)
1023 + j*(-1024)
-675 + j*(-1024)
1023 + j*(589)
503 + j*(-1024)
-119 + j*(-1024)
1023 + j*(1023)
1023 + j*(-1024)
320 + j*(-1024)
975 + j*(1023)
973 + j*(-679)
114 + j*(-1024)
-425 + j*(-673)
-649 + j*(1023)
-261 + j*(400)
498 + j*(660)
-91 + j*(658)
690 + j*(724)
641 + j*(281)
-645 + j*(1008)
1023 + j*(-150)
1023 + j*(12)
-606 + j*(803)
578 + j*(1023)
1023 + j*(-126)
-852 + j*(1023)
472 + j*(1023)
1023 + j*(1023)
1023 + j*(-1024)
169 + j*(-1024)
-1024 + j*(-1024)
-1024 + j*(851)
-363 + j*(-1024)
-1024 + j*(-227)
-1024 + j*(779)
101 + j*(-517)
-75 + j*(-1024)
-574 + j*(152)
-51 + j*(-750)
-462 + j*(-29)
-478 + j*(152)
-12 + j*(-116)
-223 + j*(-778)
186 + j*(-492)
-807 + j*(-506)
-959 + j*(377)
-253 + j*(16)
-370 + j*(343)
213 + j*(-226)
-96 + j*(-757)
-385 + j*(337)
461 + j*(70)
8 + j*(-469)
-412 + j*(-161)
-200 + j*(-177)
86 + j*(360)
-1 + j*(-728)
-202 + j*(-66)
-1 + j*(557)
-1 + j*(-169)
-626 + j*(-1)
350 + j*(-197)
-1 + j*(883)
-406 + j*(162)
489 + j*(-242)
-139 + j*(-370)
-539 + j*(353)
1003 + j*(419)
-175 + j*(-916)
-219 + j*(-1016)
-157 + j*(-351)
196 + j*(-183)
-1 + j*(-381)
-75 + j*(-54)
1023 + j*(76)
484 + j*(-717)
396 + j*(-419)
-959 + j*(-1)
-277 + j*(-1024)
-226 + j*(149)
-163 + j*(-1)
-479 + j*(-879)
-327 + j*(373)
-79 + j*(410)
-1 + j*(-399)
115 + j*(-146)
-347 + j*(-255)
-18 + j*(-230)
-323 + j*(-174)
-260 + j*(-24)
16 + j*(696)
501 + j*(109)
69 + j*(-282)
-1 + j*(-132)
935 + j*(23)
-378 + j*(67)
-1 + j*(97)
-121 + j*(-667)
-486 + j*(238)
681 + j*(-31)
715 + j*(-928)
-577 + j*(-828)
-179 + j*(-294)
332 + j*(265)
-291 + j*(-1024)
-146 + j*(-33)
1023 + j*(-466)
739 + j*(-1)
-893 + j*(-151)
372 + j*(34)
678 + j*(-382)
-301 + j*(74)
129 + j*(-1)
-2 + j*(-266)
-432 + j*(252)
149 + j*(630)
-808 + j*(-978)
204 + j*(-510)
-226 + j*(-311)
-247 + j*(-842)
-664 + j*(-111)
-193 + j*(-65)
-1 + j*(-54)
19 + j*(56)
-1024 + j*(580)
-1 + j*(129)
560 + j*(-1)
-325 + j*(6)
-1 + j*(-96)
338 + j*(-119)
-462 + j*(156)
-422 + j*(704)
300 + j*(-93)
511 + j*(-56)
-148 + j*(-292)
-240 + j*(-796)
-131 + j*(335)
-150 + j*(-38)
230 + j*(227)
578 + j*(-409)
-428 + j*(-230)
-851 + j*(-699)
170 + j*(239)
-308 + j*(45)
4 + j*(29)
229 + j*(-160)
-442 + j*(-1)
-1 + j*(270)
878 + j*(70)
-169 + j*(-149)
221 + j*(-120)
-1 + j*(-887)
-231 + j*(-10)
-137 + j*(-119)
-1 + j*(-233)
1023 + j*(141)
-87 + j*(562)
725 + j*(-444)
-21 + j*(45)
-273 + j*(-61)
70 + j*(316)
529 + j*(-208)
-420 + j*(94)
554 + j*(1023)
-224 + j*(-40)
784 + j*(-812)
-186 + j*(-313)
433 + j*(808)
437 + j*(119)
-234 + j*(-99)
-5 + j*(291)
430 + j*(384)
790 + j*(278)
845 + j*(383)
669 + j*(-366)
-393 + j*(-117)
127 + j*(290)
-160 + j*(290)
-512 + j*(-185)
206 + j*(449)
692 + j*(-351)
-55 + j*(-667)
-31 + j*(-204)
227 + j*(-890)
-708 + j*(-331)
-28 + j*(-109)
325 + j*(-1)
-305 + j*(-590)
110 + j*(-91)
121 + j*(-1)
265 + j*(659)
-184 + j*(-62)
128 + j*(414)
467 + j*(-1)
-360 + j*(54)
239 + j*(693)
46 + j*(335)
388 + j*(-652)
-170 + j*(-294)
-1 + j*(392)
132 + j*(158)
-245 + j*(-89)
179 + j*(177)
1023 + j*(352)
510 + j*(-485)
455 + j*(-856)
-887 + j*(227)
-404 + j*(-118)
800 + j*(-205)
-129 + j*(-264)
-620 + j*(-62)
532 + j*(565)
-48 + j*(-79)
415 + j*(-951)
77 + j*(-447)
-222 + j*(371)
-366 + j*(-533)
-47 + j*(-199)
-476 + j*(-862)
-341 + j*(-913)
-742 + j*(680)
-111 + j*(478)
1023 + j*(175)
-225 + j*(-179)
20 + j*(602)
441 + j*(136)
-83 + j*(-88)
-548 + j*(277)
581 + j*(429)
314 + j*(-167)
30 + j*(-360)
55 + j*(645)
200 + j*(-159)
-89 + j*(-185)
1021 + j*(23)
19 + j*(-19)
774 + j*(-1024)
50 + j*(-39)
-59 + j*(397)
-196 + j*(-247)
