chsch2_sync_f_4x0 = [-1024 + j*(-1024)
-1024 + j*(-321)
-960 + j*(788)
724 + j*(899)
-1024 + j*(2)
-545 + j*(48)
467 + j*(650)
-684 + j*(-367)
-315 + j*(-453)
-234 + j*(68)
111 + j*(303)
264 + j*(302)
206 + j*(-1024)
556 + j*(555)
-42 + j*(-886)
-1024 + j*(-1024)
-1024 + j*(226)
-1024 + j*(1023)
335 + j*(1023)
952 + j*(947)
-1024 + j*(672)
-85 + j*(1023)
1023 + j*(1023)
-1024 + j*(839)
-1024 + j*(668)
1023 + j*(1023)
-1024 + j*(776)
-54 + j*(1023)
1023 + j*(1023)
-1024 + j*(816)
-820 + j*(1023)
1023 + j*(1023)
1023 + j*(-691)
969 + j*(-1024)
-1024 + j*(-1024)
-1006 + j*(658)
83 + j*(-1024)
-1024 + j*(-986)
-1024 + j*(308)
1023 + j*(-1024)
-282 + j*(-1024)
-1024 + j*(-1024)
755 + j*(-309)
997 + j*(-1024)
-934 + j*(-1024)
818 + j*(321)
1023 + j*(-1024)
-358 + j*(-1024)
-1024 + j*(-683)
-1024 + j*(1023)
396 + j*(1023)
752 + j*(1023)
-1024 + j*(626)
-89 + j*(1023)
709 + j*(1023)
-1024 + j*(-182)
-892 + j*(-584)
142 + j*(1023)
-1024 + j*(282)
115 + j*(619)
1023 + j*(491)
-841 + j*(548)
301 + j*(545)
878 + j*(224)
-107 + j*(-281)
-349 + j*(-1024)
-1024 + j*(755)
-689 + j*(1023)
-1024 + j*(-1024)
-1024 + j*(-28)
-815 + j*(1023)
-1024 + j*(-1024)
-1024 + j*(-434)
-674 + j*(1023)
-1024 + j*(-1024)
-1024 + j*(70)
-654 + j*(1023)
-839 + j*(-1024)
-1024 + j*(450)
-1024 + j*(1023)
502 + j*(1023)
1023 + j*(184)
1023 + j*(-1024)
-758 + j*(-969)
1023 + j*(-121)
987 + j*(-1024)
-796 + j*(-1024)
1023 + j*(347)
1023 + j*(-1024)
-484 + j*(-1024)
1023 + j*(258)
1023 + j*(-1024)
-85 + j*(-1024)
1023 + j*(562)
1023 + j*(-1024)
506 + j*(-1024)
-1024 + j*(-1024)
-1024 + j*(-379)
-1024 + j*(1023)
1004 + j*(1023)
-1024 + j*(-466)
-1024 + j*(1023)
874 + j*(1023)
-1024 + j*(-69)
-1024 + j*(1023)
932 + j*(1023)
-1024 + j*(-627)
-1024 + j*(1023)
-59 + j*(1023)
-1024 + j*(-778)
-1024 + j*(522)
-672 + j*(1023)
1023 + j*(963)
1023 + j*(-31)
-143 + j*(-1024)
-539 + j*(-1007)
1023 + j*(445)
1023 + j*(-1024)
13 + j*(-1024)
966 + j*(404)
1023 + j*(-779)
303 + j*(-964)
210 + j*(1023)
1023 + j*(1023)
1023 + j*(-643)
-357 + j*(1023)
1023 + j*(1023)
1023 + j*(-99)
1023 + j*(-395)
72 + j*(-1024)
-1024 + j*(-1012)
-1024 + j*(848)
98 + j*(-1024)
-1024 + j*(-1024)
-1024 + j*(610)
547 + j*(-1024)
370 + j*(-1024)
-1024 + j*(40)
766 + j*(-1024)
-1024 + j*(-1024)
-1024 + j*(34)
819 + j*(-934)
654 + j*(-1024)
-1024 + j*(-1024)
-1024 + j*(510)
-589 + j*(1023)
652 + j*(1023)
968 + j*(-487)
-463 + j*(1023)
945 + j*(1023)
1023 + j*(-413)
-916 + j*(880)
1023 + j*(1023)
969 + j*(333)
-554 + j*(1023)
818 + j*(1023)
1023 + j*(-16)
-698 + j*(1023)
863 + j*(1023)
1023 + j*(-959)
-1024 + j*(-1024)
-1024 + j*(-1024)
-1024 + j*(1023)
-1024 + j*(694)
-704 + j*(-1024)
-1024 + j*(-425)
-1024 + j*(278)
530 + j*(-254)
-978 + j*(97)
-258 + j*(-411)
894 + j*(-450)
341 + j*(-987)
-384 + j*(-1024)
897 + j*(278)
1023 + j*(-83)
1023 + j*(-1024)
-641 + j*(-1024)
-1024 + j*(-611)
-1024 + j*(1023)
602 + j*(1023)
-1024 + j*(-777)
-1024 + j*(1023)
317 + j*(1023)
-1024 + j*(-1024)
-1024 + j*(1023)
-277 + j*(1023)
-1024 + j*(-1024)
-1024 + j*(863)
-373 + j*(1023)
-1024 + j*(-1024)
-1024 + j*(-1)
-849 + j*(-1)
458 + j*(1023)
20 + j*(375)
302 + j*(-794)
-855 + j*(-808)
927 + j*(-1024)
110 + j*(-910)
-915 + j*(-552)
1023 + j*(-580)
230 + j*(-875)
-1024 + j*(-553)
666 + j*(-721)
183 + j*(-1024)
-1024 + j*(232)
581 + j*(-777)
-657 + j*(-1024)
-773 + j*(-684)
-1024 + j*(1023)
451 + j*(1023)
1023 + j*(670)
915 + j*(-982)
843 + j*(1023)
1023 + j*(661)
1023 + j*(-1024)
-70 + j*(1023)
1023 + j*(612)
1023 + j*(-810)
-608 + j*(1023)
1023 + j*(1023)
1023 + j*(-126)
-845 + j*(1023)
-1 + j*(1023)
1023 + j*(1023)
150 + j*(-1)
1023 + j*(-1024)
-411 + j*(-886)
-724 + j*(366)
101 + j*(-865)
-66 + j*(-368)
-309 + j*(9)
-458 + j*(474)
795 + j*(52)
873 + j*(158)
-154 + j*(609)
509 + j*(816)
1023 + j*(-45)
-483 + j*(865)
880 + j*(1023)
1023 + j*(112)
1023 + j*(-539)
-926 + j*(-1024)
-1024 + j*(-523)
-934 + j*(781)
62 + j*(-1024)
-1024 + j*(-851)
-913 + j*(574)
-42 + j*(-875)
-778 + j*(-1024)
-216 + j*(242)
-84 + j*(-209)
-45 + j*(277)
905 + j*(-129)
-366 + j*(437)
379 + j*(149)
1023 + j*(0)
-1 + j*(-1024)
-9 + j*(-1006)
-1024 + j*(-1)
-1024 + j*(1023)
-1 + j*(-1024)
-1024 + j*(-705)
-1024 + j*(1023)
-297 + j*(-1024)
-1024 + j*(-449)
-1024 + j*(1023)
581 + j*(-1024)
-1024 + j*(-1024)
-1024 + j*(476)
827 + j*(-1024)
-572 + j*(-1024)
-1024 + j*(26)
-357 + j*(783)
111 + j*(1023)
1023 + j*(114)
1004 + j*(-159)
-40 + j*(1023)
1023 + j*(433)
920 + j*(499)
-724 + j*(404)
101 + j*(1023)
737 + j*(742)
-1024 + j*(-404)
-1024 + j*(1023)
242 + j*(1023)
-1024 + j*(-776)
-1024 + j*(753)
-222 + j*(958)
809 + j*(1023)
938 + j*(-691)
1023 + j*(-402)
-577 + j*(-677)
21 + j*(-314)
396 + j*(-1)
-259 + j*(-173)
-1 + j*(-567)
559 + j*(-1)
-559 + j*(-1)
-1 + j*(-116)
253 + j*(-1)
-572 + j*(-87)
-623 + j*(-339)
-372 + j*(271)
-769 + j*(714)
-269 + j*(-407)
902 + j*(545)
766 + j*(-1024)
-902 + j*(-652)
761 + j*(32)
-1 + j*(-923)
-732 + j*(-268)
360 + j*(171)
43 + j*(-724)
-81 + j*(-1)
497 + j*(127)
53 + j*(-466)
437 + j*(-1)
399 + j*(161)
-1 + j*(-1024)
461 + j*(509)
-579 + j*(-101)
859 + j*(-589)
-102 + j*(-1006)
-224 + j*(-199)
740 + j*(154)
13 + j*(-127)
-302 + j*(-419)
229 + j*(-167)
115 + j*(288)
-248 + j*(-1)
392 + j*(103)
300 + j*(-193)
-59 + j*(-1)
89 + j*(109)
-1 + j*(400)
306 + j*(423)
874 + j*(359)
-1 + j*(-358)
-566 + j*(-1024)
-352 + j*(-132)
753 + j*(84)
871 + j*(-1018)
-455 + j*(-319)
709 + j*(59)
475 + j*(-395)
-81 + j*(-335)
444 + j*(-86)
798 + j*(-633)
99 + j*(-655)
192 + j*(-29)
1023 + j*(-398)
225 + j*(57)
-275 + j*(-141)
237 + j*(169)
11 + j*(636)
-169 + j*(-192)
165 + j*(-385)
-504 + j*(-8)
-227 + j*(-356)
886 + j*(30)
968 + j*(-248)
-166 + j*(-944)
334 + j*(121)
410 + j*(-1)
245 + j*(-1)
102 + j*(147)
675 + j*(1023)
685 + j*(343)
727 + j*(-43)
-361 + j*(-687)
-200 + j*(-753)
-297 + j*(-23)
897 + j*(-671)
30 + j*(-1024)
-409 + j*(-189)
524 + j*(-646)
-553 + j*(196)
-794 + j*(-270)
369 + j*(-100)
-1 + j*(-898)
-271 + j*(-1)
165 + j*(3)
-1 + j*(-676)
383 + j*(-36)
-224 + j*(-309)
-1 + j*(-523)
-530 + j*(51)
-243 + j*(-40)
-178 + j*(-93)
-579 + j*(265)
-418 + j*(-153)
265 + j*(-753)
-864 + j*(-1024)
-890 + j*(-101)
400 + j*(-245)
503 + j*(-1024)
-542 + j*(-745)
264 + j*(-168)
454 + j*(-165)
-372 + j*(-1)
5 + j*(744)
-1 + j*(763)
1023 + j*(98)
5 + j*(-190)
-1 + j*(426)
192 + j*(248)
-50 + j*(-231)
-165 + j*(455)
-970 + j*(-30)
378 + j*(406)
210 + j*(12)
-24 + j*(224)
-3 + j*(-1)
123 + j*(-36)
187 + j*(408)
-453 + j*(-340)
148 + j*(36)
48 + j*(229)
231 + j*(-17)
-62 + j*(-235)
322 + j*(-347)
-1 + j*(-383)
-87 + j*(-385)
916 + j*(357)
450 + j*(-315)
268 + j*(-1018)
341 + j*(144)
124 + j*(445)
-1 + j*(-583)
171 + j*(163)
442 + j*(-1)
-1 + j*(284)
-1 + j*(-457)
337 + j*(-1)
-201 + j*(722)
-81 + j*(-20)
85 + j*(-188)
124 + j*(1023)
-136 + j*(-157)
-220 + j*(-584)
-367 + j*(-305)
-479 + j*(390)
220 + j*(42)
-525 + j*(533)
27 + j*(200)
95 + j*(46)
-351 + j*(22)
-541 + j*(408)
-423 + j*(-311)
742 + j*(-1)
82 + j*(171)
-127 + j*(-134)
41 + j*(-1)
139 + j*(250)
-182 + j*(-312)
767 + j*(324)
1023 + j*(-527)
123 + j*(-968)
409 + j*(124)
511 + j*(-675)
294 + j*(-590)
274 + j*(158)
120 + j*(-145)
1023 + j*(-559)
-851 + j*(-281)
-1 + j*(-958)
-370 + j*(1023)
42 + j*(72)
-995 + j*(-278)
-647 + j*(831)
-41 + j*(31)
-346 + j*(-783)
-142 + j*(272)
-733 + j*(427)
139 + j*(59)
-479 + j*(196)
-333 + j*(292)
111 + j*(83)
-291 + j*(-598)
-141 + j*(369)
20 + j*(-717)
738 + j*(-37)
-357 + j*(-1)
38 + j*(48)
-1 + j*(-351)
-360 + j*(-50)
43 + j*(14)
-57 + j*(491)
538 + j*(482)
699 + j*(80)
4 + j*(78)
-1 + j*(252)
-11 + j*(-23)
-99 + j*(57)
-1 + j*(708)
809 + j*(-657)
1023 + j*(-1)
-670 + j*(-629)
-48 + j*(-666)
-163 + j*(-41)
210 + j*(-502)
-489 + j*(-537)
-147 + j*(-94)
283 + j*(-657)
-631 + j*(-1)
-582 + j*(47)
60 + j*(-2)
-1 + j*(-32)
42 + j*(-1)
-61 + j*(-2)
-32 + j*(-309)
590 + j*(-1)
-148 + j*(762)
5 + j*(-333)
174 + j*(157)
-221 + j*(-148)
-303 + j*(-3)
54 + j*(-52)
-236 + j*(-261)
704 + j*(-78)
957 + j*(-1024)
-256 + j*(-429)
277 + j*(35)
9 + j*(-680)
-482 + j*(-916)
