chsch0_sync_f_4x0 = [225 + j*(-290)
-1024 + j*(758)
-275 + j*(1023)
402 + j*(1023)
-1024 + j*(-1024)
-1024 + j*(1023)
-266 + j*(1023)
-203 + j*(-529)
-1024 + j*(-60)
-223 + j*(201)
-166 + j*(-992)
-867 + j*(-1024)
-964 + j*(437)
564 + j*(-99)
344 + j*(-1024)
288 + j*(-1024)
-1024 + j*(-242)
-877 + j*(-313)
-871 + j*(1023)
530 + j*(1023)
-1024 + j*(-776)
-1024 + j*(1023)
-303 + j*(1023)
-1024 + j*(-1024)
-1024 + j*(543)
-1024 + j*(1023)
-1024 + j*(-1024)
-1024 + j*(-832)
-1024 + j*(1023)
-28 + j*(-1024)
-1013 + j*(-1024)
-1024 + j*(-2)
-1024 + j*(1023)
13 + j*(1023)
961 + j*(1023)
1023 + j*(295)
-1024 + j*(925)
661 + j*(1023)
1023 + j*(1023)
-1024 + j*(224)
-895 + j*(1023)
942 + j*(1023)
-1024 + j*(-540)
-1024 + j*(580)
-255 + j*(1023)
-1024 + j*(-1024)
-1024 + j*(-639)
-1024 + j*(1023)
710 + j*(1023)
1023 + j*(1023)
1023 + j*(-879)
-444 + j*(-451)
593 + j*(-240)
329 + j*(-681)
-129 + j*(357)
480 + j*(-223)
-510 + j*(627)
-50 + j*(315)
-1024 + j*(-803)
-1024 + j*(1023)
384 + j*(1023)
-1024 + j*(-966)
-1024 + j*(413)
891 + j*(1023)
1023 + j*(919)
1023 + j*(-553)
1007 + j*(-1024)
-991 + j*(-879)
1023 + j*(-663)
347 + j*(-1024)
-1024 + j*(-696)
1023 + j*(-1024)
1023 + j*(-1024)
-1024 + j*(-259)
931 + j*(-992)
-971 + j*(-1024)
-1024 + j*(-92)
785 + j*(-991)
-1019 + j*(-1024)
-1024 + j*(67)
-865 + j*(1023)
517 + j*(1023)
1023 + j*(-319)
861 + j*(-901)
875 + j*(1023)
1023 + j*(252)
916 + j*(-931)
545 + j*(1023)
1023 + j*(76)
871 + j*(-1024)
509 + j*(1023)
1023 + j*(-147)
792 + j*(-1024)
672 + j*(931)
1023 + j*(-852)
-705 + j*(-1024)
-1024 + j*(-1024)
-1024 + j*(901)
331 + j*(1023)
1014 + j*(1023)
-1024 + j*(971)
-265 + j*(1023)
926 + j*(1023)
-1024 + j*(-167)
-1024 + j*(1023)
930 + j*(1023)
-1024 + j*(-689)
-1024 + j*(1023)
766 + j*(1023)
-1024 + j*(-858)
-1024 + j*(1023)
873 + j*(1023)
1023 + j*(-468)
1023 + j*(-1024)
-307 + j*(-1024)
-434 + j*(-742)
1023 + j*(368)
850 + j*(-802)
136 + j*(-538)
666 + j*(213)
708 + j*(203)
511 + j*(-597)
-355 + j*(754)
516 + j*(1014)
1023 + j*(412)
-683 + j*(846)
96 + j*(1023)
1023 + j*(920)
1023 + j*(-572)
682 + j*(-1024)
-1024 + j*(-1007)
-1024 + j*(1023)
192 + j*(-1024)
-1024 + j*(-980)
-1024 + j*(1023)
62 + j*(-1024)
-1024 + j*(-1024)
-1024 + j*(925)
245 + j*(-1024)
-1024 + j*(-1024)
-1024 + j*(315)
607 + j*(-1024)
-1024 + j*(-319)
-1024 + j*(215)
770 + j*(1023)
388 + j*(1023)
799 + j*(380)
982 + j*(-109)
-1024 + j*(1023)
-564 + j*(934)
924 + j*(844)
-1024 + j*(628)
-515 + j*(615)
1023 + j*(1023)
-1024 + j*(-571)
-1024 + j*(1023)
-370 + j*(1023)
-1024 + j*(-845)
-1024 + j*(936)
-250 + j*(1023)
1023 + j*(895)
1023 + j*(-1024)
100 + j*(-1024)
-947 + j*(-630)
1023 + j*(0)
1023 + j*(-1024)
-1024 + j*(-331)
1023 + j*(-1024)
-708 + j*(-1024)
-1024 + j*(-490)
747 + j*(-1024)
-1024 + j*(-1024)
-1024 + j*(-309)
799 + j*(-1024)
7 + j*(-1024)
-1024 + j*(210)
-791 + j*(915)
313 + j*(1023)
936 + j*(460)
1023 + j*(-284)
-716 + j*(1023)
93 + j*(1023)
1023 + j*(490)
-596 + j*(566)
-677 + j*(206)
837 + j*(391)
-1024 + j*(-226)
-932 + j*(1023)
-244 + j*(1023)
-1024 + j*(-729)
-618 + j*(377)
-1 + j*(985)
1023 + j*(469)
461 + j*(-102)
204 + j*(-1024)
-697 + j*(-856)
1023 + j*(-206)
289 + j*(-1024)
-754 + j*(-623)
1023 + j*(-833)
505 + j*(-1024)
-1024 + j*(-1024)
672 + j*(-849)
-597 + j*(-1024)
-1024 + j*(-605)
703 + j*(-985)
20 + j*(-1024)
-1024 + j*(-1024)
-1024 + j*(-231)
-817 + j*(1023)
1023 + j*(1023)
946 + j*(-596)
-1024 + j*(318)
-1 + j*(1023)
778 + j*(52)
-1024 + j*(619)
287 + j*(1023)
842 + j*(808)
-1024 + j*(4)
-1 + j*(1023)
-1 + j*(1023)
-1024 + j*(-410)
-1024 + j*(1023)
-1 + j*(1007)
1023 + j*(535)
833 + j*(95)
381 + j*(-1024)
-688 + j*(-1024)
1023 + j*(17)
1023 + j*(-486)
-535 + j*(-1024)
515 + j*(522)
363 + j*(-943)
-150 + j*(-421)
626 + j*(-251)
526 + j*(-312)
-731 + j*(-251)
718 + j*(-587)
9 + j*(-1024)
-1024 + j*(-90)
-1024 + j*(317)
116 + j*(1023)
1023 + j*(1023)
1023 + j*(-877)
-662 + j*(1023)
1023 + j*(1023)
1023 + j*(-726)
-996 + j*(1023)
1023 + j*(1023)
1023 + j*(-311)
-1024 + j*(1023)
1023 + j*(1023)
1023 + j*(250)
-1024 + j*(1023)
8 + j*(1023)
1023 + j*(-1)
1023 + j*(-1024)
-7 + j*(-1024)
-935 + j*(-1)
-569 + j*(802)
-9 + j*(-1024)
-521 + j*(575)
-298 + j*(775)
-1024 + j*(-1024)
-984 + j*(1023)
-946 + j*(1023)
-1024 + j*(-763)
-1024 + j*(1023)
-1 + j*(1023)
-1024 + j*(-858)
-1024 + j*(131)
-1 + j*(1023)
366 + j*(1023)
1023 + j*(-27)
1023 + j*(-1024)
-519 + j*(-828)
895 + j*(582)
625 + j*(316)
-45 + j*(-414)
112 + j*(780)
495 + j*(-392)
679 + j*(-27)
-644 + j*(-207)
-728 + j*(354)
3 + j*(1023)
-959 + j*(-597)
-1024 + j*(1023)
822 + j*(974)
1023 + j*(824)
738 + j*(-614)
811 + j*(-1024)
-377 + j*(-1024)
1023 + j*(-1)
678 + j*(27)
-1 + j*(-1024)
651 + j*(133)
1023 + j*(-1)
-147 + j*(-292)
-220 + j*(8)
797 + j*(-1)
-1 + j*(978)
-604 + j*(-367)
-1024 + j*(70)
-268 + j*(1023)
966 + j*(1023)
1019 + j*(57)
1023 + j*(-1024)
-923 + j*(-1024)
1023 + j*(36)
1023 + j*(-1024)
-686 + j*(-1024)
1023 + j*(308)
1023 + j*(-353)
-585 + j*(-1024)
1023 + j*(592)
1023 + j*(-1)
398 + j*(-1024)
590 + j*(322)
1023 + j*(-1)
-1 + j*(-1024)
-22 + j*(-462)
-3 + j*(-91)
-345 + j*(16)
-134 + j*(-343)
438 + j*(-222)
-47 + j*(-759)
-214 + j*(-691)
-562 + j*(210)
114 + j*(-452)
-58 + j*(258)
637 + j*(254)
-211 + j*(-113)
-286 + j*(-1)
326 + j*(139)
-212 + j*(-588)
-90 + j*(-84)
-425 + j*(-177)
-44 + j*(185)
-692 + j*(212)
-19 + j*(-277)
356 + j*(-12)
-99 + j*(-73)
-39 + j*(-500)
24 + j*(461)
506 + j*(-829)
-5 + j*(-181)
381 + j*(257)
963 + j*(-48)
213 + j*(-795)
164 + j*(132)
187 + j*(317)
-1024 + j*(123)
875 + j*(-443)
317 + j*(1023)
-57 + j*(-459)
-74 + j*(-249)
-1 + j*(143)
276 + j*(22)
-87 + j*(-118)
-233 + j*(1023)
188 + j*(-517)
1023 + j*(-185)
385 + j*(177)
6 + j*(637)
492 + j*(-178)
193 + j*(154)
1023 + j*(-362)
846 + j*(666)
-349 + j*(-1024)
-194 + j*(-174)
-1024 + j*(-1)
-41 + j*(-133)
224 + j*(-384)
135 + j*(-1)
-75 + j*(-302)
327 + j*(1023)
206 + j*(254)
624 + j*(-684)
198 + j*(133)
313 + j*(-285)
-256 + j*(-1)
180 + j*(82)
740 + j*(-178)
16 + j*(-1024)
-1024 + j*(-877)
-1024 + j*(-173)
763 + j*(1023)
15 + j*(-104)
140 + j*(-90)
425 + j*(247)
-23 + j*(-208)
-188 + j*(453)
-742 + j*(1023)
259 + j*(111)
204 + j*(64)
167 + j*(-284)
-418 + j*(105)
135 + j*(-3)
235 + j*(110)
-1 + j*(-141)
800 + j*(721)
674 + j*(420)
-1 + j*(-175)
79 + j*(-165)
771 + j*(-1)
792 + j*(-641)
96 + j*(-229)
-887 + j*(757)
762 + j*(302)
739 + j*(566)
94 + j*(150)
14 + j*(-253)
11 + j*(-1)
22 + j*(35)
276 + j*(3)
1023 + j*(860)
125 + j*(-132)
978 + j*(-728)
-151 + j*(175)
-8 + j*(-196)
-199 + j*(308)
413 + j*(-27)
32 + j*(-290)
642 + j*(588)
-364 + j*(-590)
377 + j*(-559)
157 + j*(179)
-515 + j*(616)
814 + j*(143)
53 + j*(83)
-520 + j*(384)
97 + j*(325)
-158 + j*(865)
262 + j*(425)
339 + j*(-1)
-26 + j*(-144)
-1 + j*(16)
485 + j*(98)
-5 + j*(-252)
454 + j*(428)
76 + j*(37)
391 + j*(-779)
179 + j*(151)
356 + j*(90)
223 + j*(138)
86 + j*(88)
479 + j*(-295)
-902 + j*(626)
-216 + j*(-370)
179 + j*(-93)
398 + j*(151)
-5 + j*(-77)
166 + j*(-101)
-133 + j*(-1)
-11 + j*(-152)
-386 + j*(274)
-1024 + j*(298)
364 + j*(330)
126 + j*(54)
-122 + j*(-207)
249 + j*(-1)
76 + j*(-6)
-696 + j*(-358)
310 + j*(196)
-867 + j*(1018)
732 + j*(-194)
838 + j*(245)
61 + j*(-140)
26 + j*(371)
999 + j*(223)
94 + j*(-182)
-583 + j*(-18)
-218 + j*(1023)
89 + j*(717)
44 + j*(131)
-129 + j*(-115)
83 + j*(-7)
-12 + j*(25)
-1 + j*(581)
227 + j*(-414)
1023 + j*(-1)
-1 + j*(-58)
-579 + j*(-852)
-4 + j*(-175)
195 + j*(-430)
118 + j*(-560)
57 + j*(-243)
-170 + j*(-74)
-1024 + j*(-733)
-8 + j*(378)
78 + j*(175)
346 + j*(-210)
38 + j*(-272)
-17 + j*(72)
-109 + j*(-139)
-313 + j*(1023)
-482 + j*(-43)
975 + j*(186)
-1 + j*(-289)
-63 + j*(-167)
69 + j*(249)
104 + j*(-507)
-14 + j*(-277)
-252 + j*(578)
-361 + j*(283)
698 + j*(292)
168 + j*(187)
172 + j*(84)
719 + j*(-906)
52 + j*(124)
312 + j*(435)
-2 + j*(-546)
-602 + j*(-290)
-181 + j*(-770)
-319 + j*(46)
-57 + j*(-67)
488 + j*(-47)
673 + j*(-477)
-53 + j*(-286)
886 + j*(845)
749 + j*(740)
685 + j*(-879)
145 + j*(76)
600 + j*(-50)
322 + j*(24)
68 + j*(38)
