chsch2_sync_f_tx = [-725 + j*(-725)
0 + j*(0)
724 + j*(724)
0 + j*(0)
-725 + j*(-725)
0 + j*(0)
-725 + j*(724)
0 + j*(0)
724 + j*(-725)
0 + j*(0)
724 + j*(724)
0 + j*(0)
-725 + j*(-725)
0 + j*(0)
-725 + j*(724)
0 + j*(0)
724 + j*(-725)
0 + j*(0)
-725 + j*(-725)
0 + j*(0)
724 + j*(724)
0 + j*(0)
724 + j*(-725)
0 + j*(0)
-725 + j*(-725)
0 + j*(0)
-725 + j*(724)
0 + j*(0)
724 + j*(724)
0 + j*(0)
-725 + j*(724)
0 + j*(0)
724 + j*(-725)
0 + j*(0)
-725 + j*(-725)
0 + j*(0)
-725 + j*(724)
0 + j*(0)
-725 + j*(-725)
0 + j*(0)
724 + j*(-725)
0 + j*(0)
-725 + j*(724)
0 + j*(0)
-725 + j*(-725)
0 + j*(0)
-725 + j*(-725)
0 + j*(0)
724 + j*(724)
0 + j*(0)
-725 + j*(-725)
0 + j*(0)
-725 + j*(724)
0 + j*(0)
724 + j*(-725)
0 + j*(0)
724 + j*(-725)
0 + j*(0)
-725 + j*(724)
0 + j*(0)
724 + j*(-725)
0 + j*(0)
-725 + j*(724)
0 + j*(0)
724 + j*(-725)
0 + j*(0)
724 + j*(-725)
0 + j*(0)
-725 + j*(724)
0 + j*(0)
-725 + j*(-725)
0 + j*(0)
724 + j*(724)
0 + j*(0)
-725 + j*(-725)
0 + j*(0)
724 + j*(724)
0 + j*(0)
724 + j*(-725)
0 + j*(0)
0 + j*(0)
0 + j*(0)
0 + j*(0)
0 + j*(0)
0 + j*(0)
0 + j*(0)
0 + j*(0)
0 + j*(0)
0 + j*(0)
0 + j*(0)
0 + j*(0)
0 + j*(0)
0 + j*(0)
0 + j*(0)
0 + j*(0)
0 + j*(0)
0 + j*(0)
0 + j*(0)
0 + j*(0)
0 + j*(0)
0 + j*(0)
0 + j*(0)
0 + j*(0)
0 + j*(0)
0 + j*(0)
0 + j*(0)
0 + j*(0)
0 + j*(0)
0 + j*(0)
0 + j*(0)
0 + j*(0)
0 + j*(0)
0 + j*(0)
0 + j*(0)
0 + j*(0)
0 + j*(0)
0 + j*(0)
0 + j*(0)
0 + j*(0)
0 + j*(0)
0 + j*(0)
0 + j*(0)
0 + j*(0)
0 + j*(0)
0 + j*(0)
0 + j*(0)
0 + j*(0)
0 + j*(0)
0 + j*(0)
0 + j*(0)
0 + j*(0)
0 + j*(0)
0 + j*(0)
0 + j*(0)
0 + j*(0)
0 + j*(0)
0 + j*(0)
0 + j*(0)
0 + j*(0)
0 + j*(0)
0 + j*(0)
0 + j*(0)
0 + j*(0)
0 + j*(0)
0 + j*(0)
0 + j*(0)
0 + j*(0)
0 + j*(0)
0 + j*(0)
0 + j*(0)
0 + j*(0)
0 + j*(0)
0 + j*(0)
0 + j*(0)
0 + j*(0)
0 + j*(0)
0 + j*(0)
0 + j*(0)
0 + j*(0)
0 + j*(0)
0 + j*(0)
0 + j*(0)
0 + j*(0)
0 + j*(0)
0 + j*(0)
0 + j*(0)
0 + j*(0)
0 + j*(0)
0 + j*(0)
0 + j*(0)
0 + j*(0)
0 + j*(0)
0 + j*(0)
0 + j*(0)
0 + j*(0)
0 + j*(0)
724 + j*(724)
0 + j*(0)
-725 + j*(724)
0 + j*(0)
724 + j*(-725)
0 + j*(0)
-725 + j*(724)
0 + j*(0)
-725 + j*(-725)
0 + j*(0)
-725 + j*(-725)
0 + j*(0)
724 + j*(724)
0 + j*(0)
724 + j*(-725)
0 + j*(0)
724 + j*(724)
0 + j*(0)
-725 + j*(724)
0 + j*(0)
724 + j*(724)
0 + j*(0)
724 + j*(724)
0 + j*(0)
724 + j*(724)
0 + j*(0)
724 + j*(-725)
0 + j*(0)
-725 + j*(724)
0 + j*(0)
724 + j*(-725)
0 + j*(0)
-725 + j*(-725)
0 + j*(0)
724 + j*(-725)
0 + j*(0)
-725 + j*(-725)
0 + j*(0)
-725 + j*(724)
0 + j*(0)
724 + j*(-725)
0 + j*(0)
-725 + j*(724)
0 + j*(0)
-725 + j*(-725)
0 + j*(0)
724 + j*(724)
0 + j*(0)
-725 + j*(-725)
0 + j*(0)
724 + j*(-725)
0 + j*(0)
-725 + j*(-725)
0 + j*(0)
-725 + j*(724)
0 + j*(0)
724 + j*(724)
0 + j*(0)
724 + j*(-725)
0 + j*(0)
724 + j*(-725)
0 + j*(0)
-725 + j*(-725)
0 + j*(0)
724 + j*(-725)
0 + j*(0)
724 + j*(724)
0 + j*(0)
-725 + j*(-725)
0 + j*(0)
724 + j*(-725)
0 + j*(0)
724 + j*(724)
0 + j*(0)
-725 + j*(724)
0 + j*(0)
-725 + j*(-725)
0 + j*(0)
-725 + j*(-725)
0 + j*(0)
];
