chsch1_sync_f = [23170 + j*(-23170)
-23170 + j*(23170)
-23170 + j*(23170)
-23170 + j*(-23170)
23170 + j*(-23170)
23170 + j*(23170)
-23170 + j*(23170)
-23170 + j*(23170)
23170 + j*(23170)
-23170 + j*(-23170)
23170 + j*(-23170)
23170 + j*(-23170)
23170 + j*(23170)
23170 + j*(-23170)
-23170 + j*(-23170)
23170 + j*(23170)
-23170 + j*(-23170)
23170 + j*(-23170)
23170 + j*(23170)
-23170 + j*(-23170)
-23170 + j*(23170)
-23170 + j*(23170)
23170 + j*(-23170)
23170 + j*(-23170)
-23170 + j*(23170)
-23170 + j*(-23170)
23170 + j*(-23170)
23170 + j*(-23170)
23170 + j*(23170)
23170 + j*(23170)
23170 + j*(23170)
23170 + j*(23170)
23170 + j*(-23170)
23170 + j*(-23170)
-23170 + j*(23170)
23170 + j*(23170)
23170 + j*(23170)
-23170 + j*(-23170)
23170 + j*(-23170)
23170 + j*(-23170)
-23170 + j*(23170)
-23170 + j*(-23170)
-23170 + j*(23170)
23170 + j*(23170)
23170 + j*(23170)
-23170 + j*(23170)
-23170 + j*(23170)
23170 + j*(23170)
23170 + j*(23170)
-23170 + j*(23170)
23170 + j*(-23170)
-23170 + j*(23170)
-23170 + j*(23170)
23170 + j*(-23170)
-23170 + j*(23170)
23170 + j*(-23170)
23170 + j*(-23170)
23170 + j*(23170)
23170 + j*(23170)
23170 + j*(-23170)
23170 + j*(23170)
-23170 + j*(23170)
23170 + j*(23170)
23170 + j*(-23170)
23170 + j*(-23170)
23170 + j*(-23170)
-23170 + j*(-23170)
23170 + j*(23170)
-23170 + j*(-23170)
23170 + j*(23170)
-23170 + j*(23170)
-23170 + j*(23170)
23170 + j*(-23170)
-23170 + j*(-23170)
23170 + j*(23170)
-23170 + j*(23170)
23170 + j*(-23170)
23170 + j*(-23170)
23170 + j*(23170)
23170 + j*(23170)
0 + j*(0)
0 + j*(0)
0 + j*(0)
0 + j*(0)
0 + j*(0)
0 + j*(0)
0 + j*(0)
0 + j*(0)
0 + j*(0)
0 + j*(0)
0 + j*(0)
0 + j*(0)
0 + j*(0)
0 + j*(0)
0 + j*(0)
0 + j*(0)
0 + j*(0)
0 + j*(0)
0 + j*(0)
0 + j*(0)
0 + j*(0)
0 + j*(0)
0 + j*(0)
0 + j*(0)
0 + j*(0)
0 + j*(0)
0 + j*(0)
0 + j*(0)
0 + j*(0)
0 + j*(0)
0 + j*(0)
0 + j*(0)
0 + j*(0)
0 + j*(0)
0 + j*(0)
0 + j*(0)
0 + j*(0)
0 + j*(0)
0 + j*(0)
0 + j*(0)
0 + j*(0)
0 + j*(0)
0 + j*(0)
0 + j*(0)
0 + j*(0)
0 + j*(0)
0 + j*(0)
0 + j*(0)
0 + j*(0)
0 + j*(0)
0 + j*(0)
0 + j*(0)
0 + j*(0)
0 + j*(0)
0 + j*(0)
0 + j*(0)
0 + j*(0)
0 + j*(0)
0 + j*(0)
0 + j*(0)
0 + j*(0)
0 + j*(0)
0 + j*(0)
0 + j*(0)
0 + j*(0)
0 + j*(0)
0 + j*(0)
0 + j*(0)
0 + j*(0)
0 + j*(0)
0 + j*(0)
0 + j*(0)
0 + j*(0)
0 + j*(0)
0 + j*(0)
0 + j*(0)
0 + j*(0)
0 + j*(0)
0 + j*(0)
0 + j*(0)
0 + j*(0)
0 + j*(0)
0 + j*(0)
0 + j*(0)
0 + j*(0)
0 + j*(0)
0 + j*(0)
0 + j*(0)
0 + j*(0)
0 + j*(0)
0 + j*(0)
0 + j*(0)
0 + j*(0)
0 + j*(0)
0 + j*(0)
0 + j*(0)
23170 + j*(-23170)
-23170 + j*(-23170)
23170 + j*(23170)
23170 + j*(23170)
-23170 + j*(23170)
23170 + j*(-23170)
-23170 + j*(-23170)
23170 + j*(-23170)
23170 + j*(23170)
23170 + j*(-23170)
23170 + j*(-23170)
-23170 + j*(-23170)
-23170 + j*(23170)
-23170 + j*(23170)
-23170 + j*(23170)
23170 + j*(-23170)
23170 + j*(23170)
23170 + j*(23170)
-23170 + j*(23170)
23170 + j*(23170)
-23170 + j*(-23170)
23170 + j*(-23170)
23170 + j*(23170)
23170 + j*(23170)
23170 + j*(-23170)
23170 + j*(23170)
23170 + j*(-23170)
-23170 + j*(-23170)
23170 + j*(23170)
-23170 + j*(-23170)
23170 + j*(23170)
-23170 + j*(23170)
23170 + j*(-23170)
23170 + j*(23170)
-23170 + j*(-23170)
23170 + j*(23170)
-23170 + j*(23170)
23170 + j*(-23170)
-23170 + j*(23170)
23170 + j*(23170)
23170 + j*(-23170)
23170 + j*(-23170)
23170 + j*(23170)
23170 + j*(-23170)
-23170 + j*(23170)
23170 + j*(23170)
23170 + j*(23170)
23170 + j*(-23170)
-23170 + j*(23170)
23170 + j*(-23170)
-23170 + j*(-23170)
23170 + j*(-23170)
23170 + j*(23170)
23170 + j*(23170)
23170 + j*(-23170)
23170 + j*(23170)
23170 + j*(23170)
23170 + j*(23170)
23170 + j*(-23170)
23170 + j*(23170)
-23170 + j*(-23170)
-23170 + j*(-23170)
23170 + j*(-23170)
23170 + j*(23170)
23170 + j*(23170)
23170 + j*(23170)
-23170 + j*(-23170)
-23170 + j*(23170)
23170 + j*(23170)
23170 + j*(-23170)
23170 + j*(23170)
23170 + j*(-23170)
-23170 + j*(-23170)
23170 + j*(-23170)
23170 + j*(23170)
-23170 + j*(-23170)
-23170 + j*(23170)
23170 + j*(-23170)
-23170 + j*(-23170)
23170 + j*(23170)
];
