chsch2_sync_f_4x1 = [-47 + j*(-885)
736 + j*(44)
1012 + j*(-410)
-506 + j*(-871)
-1024 + j*(-995)
-1002 + j*(1023)
-793 + j*(1023)
1023 + j*(957)
-1024 + j*(236)
-883 + j*(1023)
887 + j*(1023)
-1024 + j*(144)
-1024 + j*(1023)
1023 + j*(1023)
-1024 + j*(-58)
-668 + j*(1023)
1023 + j*(1023)
-1024 + j*(266)
-578 + j*(1023)
1023 + j*(120)
1023 + j*(-887)
-1024 + j*(-770)
-1024 + j*(-656)
-1007 + j*(947)
-1024 + j*(-1024)
-1024 + j*(36)
-1024 + j*(1023)
-1024 + j*(-887)
-1024 + j*(337)
262 + j*(1023)
-611 + j*(-1024)
-1024 + j*(8)
-1024 + j*(1023)
-795 + j*(-1024)
-394 + j*(153)
100 + j*(664)
926 + j*(-278)
0 + j*(-424)
225 + j*(-1024)
-918 + j*(-939)
1023 + j*(-658)
-261 + j*(-1024)
-1024 + j*(-856)
-670 + j*(-650)
-122 + j*(-217)
46 + j*(1023)
635 + j*(-1024)
-1024 + j*(-465)
-1017 + j*(1023)
-173 + j*(-1024)
-1024 + j*(-984)
-1024 + j*(899)
353 + j*(1023)
1023 + j*(1023)
1023 + j*(-895)
-1024 + j*(-1024)
1023 + j*(401)
636 + j*(-1024)
-1009 + j*(-1024)
1023 + j*(688)
1023 + j*(-1024)
258 + j*(-1024)
1023 + j*(167)
1023 + j*(-1024)
-917 + j*(-1024)
1023 + j*(462)
1023 + j*(-1024)
391 + j*(-1024)
-957 + j*(-1024)
-1024 + j*(614)
-783 + j*(1023)
409 + j*(241)
-1024 + j*(95)
-570 + j*(692)
-345 + j*(-516)
-92 + j*(-90)
416 + j*(1023)
354 + j*(-411)
1023 + j*(-75)
1023 + j*(-1024)
-416 + j*(-1024)
1023 + j*(326)
1023 + j*(-605)
-172 + j*(-1024)
-1024 + j*(-1024)
-1024 + j*(223)
-882 + j*(1023)
418 + j*(843)
-1024 + j*(-1023)
-1024 + j*(1023)
-408 + j*(654)
-1024 + j*(-1024)
-1024 + j*(1001)
-1024 + j*(1023)
554 + j*(-1024)
-1024 + j*(-1024)
-1024 + j*(403)
780 + j*(-1024)
-978 + j*(-1024)
-1024 + j*(44)
-1024 + j*(952)
498 + j*(1023)
1023 + j*(359)
1023 + j*(-1024)
-17 + j*(1023)
1023 + j*(657)
1023 + j*(-1024)
-130 + j*(1023)
888 + j*(1023)
1023 + j*(-805)
89 + j*(1023)
1023 + j*(1023)
1023 + j*(-600)
-413 + j*(1023)
1023 + j*(1023)
1023 + j*(972)
1023 + j*(-1024)
-512 + j*(-1024)
-1024 + j*(-1024)
-990 + j*(169)
892 + j*(-1024)
-1024 + j*(-1024)
-1024 + j*(-794)
378 + j*(-1000)
-1024 + j*(-166)
-478 + j*(-343)
1023 + j*(-125)
1023 + j*(-1024)
-788 + j*(-1024)
1023 + j*(399)
1023 + j*(-772)
-1024 + j*(-998)
-1024 + j*(-79)
-980 + j*(1023)
-331 + j*(760)
944 + j*(748)
-1024 + j*(899)
17 + j*(1023)
735 + j*(355)
-757 + j*(172)
198 + j*(1002)
1023 + j*(502)
-139 + j*(484)
406 + j*(1023)
977 + j*(854)
-312 + j*(613)
179 + j*(1018)
833 + j*(1023)
1023 + j*(-1024)
497 + j*(-609)
-1024 + j*(-666)
-1013 + j*(515)
743 + j*(-1024)
-1024 + j*(-1024)
-1024 + j*(-271)
437 + j*(-1024)
-359 + j*(-1024)
-988 + j*(-245)
1023 + j*(-759)
417 + j*(-1024)
-1024 + j*(-1024)
1023 + j*(-23)
1023 + j*(-996)
-348 + j*(-1024)
-1024 + j*(-1024)
-1024 + j*(689)
-690 + j*(1023)
823 + j*(918)
-1024 + j*(190)
-1024 + j*(1023)
146 + j*(635)
-1024 + j*(-260)
-1024 + j*(885)
174 + j*(1023)
699 + j*(-455)
120 + j*(-25)
-614 + j*(-153)
1023 + j*(-7)
456 + j*(-632)
947 + j*(-844)
-1024 + j*(-1024)
-1024 + j*(-278)
-594 + j*(1023)
889 + j*(1023)
-1024 + j*(-667)
-1024 + j*(1023)
269 + j*(1023)
-1024 + j*(-1024)
-1024 + j*(451)
-283 + j*(1023)
-375 + j*(-1024)
-1024 + j*(-601)
-724 + j*(474)
405 + j*(-1024)
-1024 + j*(-688)
-1024 + j*(-176)
-749 + j*(1023)
486 + j*(1023)
1023 + j*(518)
1023 + j*(-261)
-1024 + j*(1023)
730 + j*(1023)
1023 + j*(448)
-1024 + j*(431)
-388 + j*(1023)
1023 + j*(1023)
-1024 + j*(306)
-991 + j*(1000)
741 + j*(1023)
-1024 + j*(-481)
-834 + j*(1023)
-18 + j*(1023)
1023 + j*(960)
1023 + j*(-312)
129 + j*(-175)
63 + j*(-985)
678 + j*(550)
1023 + j*(61)
779 + j*(-1013)
-541 + j*(68)
-717 + j*(1023)
1023 + j*(762)
132 + j*(1023)
1023 + j*(1023)
1023 + j*(161)
-343 + j*(1023)
406 + j*(1023)
1023 + j*(752)
121 + j*(-451)
-210 + j*(-1024)
-1024 + j*(-1)
-498 + j*(780)
-314 + j*(-1024)
-1024 + j*(-1)
-395 + j*(492)
-987 + j*(-1024)
-1024 + j*(813)
-801 + j*(1023)
-353 + j*(-878)
-1024 + j*(-423)
-427 + j*(1023)
-643 + j*(-994)
-1024 + j*(-38)
-124 + j*(1023)
1023 + j*(1023)
1023 + j*(-1024)
-1 + j*(-1024)
-386 + j*(-953)
1023 + j*(-1)
-1 + j*(-1024)
-1 + j*(-942)
1023 + j*(-292)
510 + j*(-87)
121 + j*(-325)
930 + j*(367)
186 + j*(36)
28 + j*(-1024)
10 + j*(747)
1023 + j*(1023)
1023 + j*(60)
1023 + j*(-1024)
-419 + j*(-1024)
-815 + j*(-1024)
-1024 + j*(411)
928 + j*(-1024)
-1024 + j*(-1024)
-1024 + j*(-461)
1023 + j*(-1006)
-659 + j*(-1024)
-1024 + j*(-1024)
1023 + j*(-228)
339 + j*(-1024)
-1024 + j*(-911)
1023 + j*(301)
777 + j*(-1024)
-759 + j*(-1024)
-1024 + j*(-783)
-1024 + j*(1023)
-333 + j*(1023)
761 + j*(1023)
-1024 + j*(-848)
-883 + j*(982)
427 + j*(1023)
-1024 + j*(-569)
-1024 + j*(352)
203 + j*(1023)
-1024 + j*(-916)
-1024 + j*(742)
-194 + j*(1023)
-848 + j*(-1006)
-1024 + j*(234)
241 + j*(1023)
210 + j*(1023)
1023 + j*(-257)
249 + j*(-1024)
-644 + j*(-820)
1023 + j*(-360)
51 + j*(-1024)
-361 + j*(-1024)
1023 + j*(-1024)
-326 + j*(-1024)
-1024 + j*(-241)
1023 + j*(-701)
-796 + j*(-1024)
-1024 + j*(-1)
1023 + j*(-769)
-446 + j*(-1024)
-1024 + j*(-230)
-1024 + j*(677)
-1 + j*(752)
1023 + j*(1023)
1023 + j*(-583)
326 + j*(499)
1023 + j*(14)
701 + j*(-282)
227 + j*(-448)
342 + j*(-542)
-518 + j*(337)
558 + j*(225)
601 + j*(-251)
-195 + j*(-673)
544 + j*(369)
736 + j*(104)
-223 + j*(-985)
-1010 + j*(57)
-1024 + j*(407)
53 + j*(1023)
519 + j*(134)
-750 + j*(-226)
-484 + j*(-215)
651 + j*(-86)
-270 + j*(-195)
-817 + j*(1023)
0 + j*(757)
263 + j*(449)
281 + j*(-609)
-491 + j*(-701)
363 + j*(106)
804 + j*(-617)
-418 + j*(-1012)
-719 + j*(-834)
-1024 + j*(646)
338 + j*(1023)
487 + j*(18)
-596 + j*(247)
-1 + j*(107)
731 + j*(-126)
410 + j*(-428)
-826 + j*(773)
-337 + j*(341)
104 + j*(591)
-1 + j*(-749)
211 + j*(-1)
178 + j*(205)
88 + j*(-1024)
-28 + j*(127)
-716 + j*(-862)
-1 + j*(477)
-1024 + j*(-1)
301 + j*(7)
-1 + j*(129)
-1024 + j*(-1)
600 + j*(-171)
109 + j*(-51)
-525 + j*(373)
-1 + j*(61)
152 + j*(647)
258 + j*(30)
-125 + j*(82)
179 + j*(300)
-1 + j*(663)
-49 + j*(-379)
690 + j*(-1)
-803 + j*(582)
-1 + j*(-49)
219 + j*(84)
295 + j*(-1)
-1 + j*(-445)
210 + j*(46)
693 + j*(-585)
-670 + j*(-453)
-715 + j*(163)
233 + j*(246)
-597 + j*(-1)
-1 + j*(-298)
162 + j*(347)
-15 + j*(-1)
-1 + j*(-841)
-1 + j*(988)
910 + j*(-1)
202 + j*(403)
129 + j*(132)
-131 + j*(-1)
184 + j*(426)
409 + j*(-76)
745 + j*(210)
323 + j*(238)
-1 + j*(-414)
203 + j*(644)
316 + j*(273)
-1 + j*(-154)
225 + j*(422)
766 + j*(-55)
-388 + j*(241)
-56 + j*(-353)
178 + j*(586)
394 + j*(-946)
79 + j*(288)
890 + j*(-862)
-99 + j*(-646)
271 + j*(102)
784 + j*(-17)
429 + j*(-281)
-155 + j*(-601)
240 + j*(462)
325 + j*(-95)
-14 + j*(105)
353 + j*(335)
897 + j*(59)
-1 + j*(516)
14 + j*(-856)
-185 + j*(-1)
-202 + j*(-307)
245 + j*(403)
-191 + j*(-234)
-993 + j*(-1)
17 + j*(142)
-393 + j*(-669)
-702 + j*(-1024)
-228 + j*(746)
-28 + j*(312)
86 + j*(-198)
-246 + j*(-1)
226 + j*(150)
-1 + j*(-587)
-1 + j*(-134)
-339 + j*(-109)
60 + j*(-898)
-266 + j*(242)
343 + j*(242)
-99 + j*(-209)
-268 + j*(422)
612 + j*(297)
159 + j*(-184)
-804 + j*(-87)
146 + j*(-43)
-257 + j*(468)
-81 + j*(1018)
-296 + j*(214)
-11 + j*(228)
-74 + j*(904)
-429 + j*(481)
372 + j*(-72)
-392 + j*(-277)
92 + j*(-232)
158 + j*(130)
-1 + j*(861)
733 + j*(123)
177 + j*(-135)
303 + j*(-130)
1023 + j*(406)
-137 + j*(-55)
-1 + j*(713)
431 + j*(-136)
48 + j*(-1)
-2 + j*(425)
-1 + j*(852)
765 + j*(-33)
584 + j*(-1)
-1 + j*(-1024)
-118 + j*(-64)
7 + j*(281)
427 + j*(-428)
-372 + j*(-665)
286 + j*(239)
825 + j*(-1024)
592 + j*(300)
-1024 + j*(141)
-79 + j*(512)
-259 + j*(-258)
212 + j*(-82)
94 + j*(398)
108 + j*(-122)
44 + j*(-139)
-16 + j*(-726)
576 + j*(-166)
38 + j*(-96)
46 + j*(375)
524 + j*(-648)
326 + j*(-798)
272 + j*(393)
798 + j*(-442)
-789 + j*(-1024)
-845 + j*(-26)
-178 + j*(406)
-111 + j*(-896)
-1024 + j*(-117)
54 + j*(332)
88 + j*(-617)
-1024 + j*(-82)
-623 + j*(889)
-795 + j*(697)
890 + j*(592)
42 + j*(365)
-291 + j*(100)
152 + j*(510)
187 + j*(410)
876 + j*(142)
283 + j*(471)
-619 + j*(-1006)
-72 + j*(385)
710 + j*(-157)
-286 + j*(-885)
26 + j*(333)
1023 + j*(-1024)
872 + j*(-905)
-780 + j*(-1024)
-1024 + j*(535)
-989 + j*(480)
19 + j*(412)
