errors_5_256_v = [1001
1001
1001
1001
1001
1001
656
387
204
107
54
48
15
17
15
10
8
11
8
5
5
1
0
0
1
0
];
