errors_4_1024_v = [1001
1001
1001
1001
1001
720
421
209
86
44
24
5
3
1
2
0
];
