errors_5_1024_v = [1001
1001
1001
1001
1001
1001
1001
1001
756
454
205
124
64
47
46
40
42
46
29
28
20
14
7
2
1
0
];
