errors_4_256_v = [1001
1001
1001
1001
1001
1001
1001
1001
1001
1001
1001
1001
1001
757
391
216
117
66
24
16
8
4
0
0
0
0
];
