errors_0_1024_v = [1001
1001
1001
1001
1001
1001
1001
634
378
202
109
51
36
14
12
3
5
0
0
0
0
0
0
0
0
];
