errors_3_256_v = [1001
1001
1001
1001
1001
1001
1001
1001
1001
1001
1001
1001
1001
1001
1001
1001
1001
1001
1001
766
583
365
221
146
85
62
];
