errors_3_1024_v = [1001
1001
1001
1001
1001
1001
1001
1001
1001
1001
1001
1001
681
460
270
168
84
43
26
17
8
5
4
4
0
0
];
