errors_1_1024_v = [1001
1001
1001
1001
1001
1001
745
431
237
132
103
76
41
28
14
7
4
0
0
0
0
0
0
0
0
0
];
