errors_0_256_v = [1001
1001
1001
1001
1001
1001
1001
1001
1001
1001
706
390
229
121
63
27
24
11
6
4
2
3
0
0
0
];
