errors_2_256_v = [1001
1001
1001
1001
1001
1001
1001
1001
1002
1001
1001
1001
1001
964
800
578
413
328
268
193
131
92
67
48
26
17
];
