errors_1_256_v = [1001
1001
1001
1001
1001
1001
1001
1001
1001
859
475
269
129
72
70
43
24
18
4
5
3
0
0
0
0
];
