errors_2_1024_v = [1001
1001
1001
1001
1001
1001
1001
1001
1001
1001
1001
1001
888
706
497
371
268
193
142
80
56
35
14
11
4
1
];
