signal_errors_0_256_v = [227
137
91
63
46
34
22
22
20
18
11
3
3
1
0
0
0
0
0
0
0
0
0
0
0
];
