signal_errors_1_256_v = [24
15
5
6
3
5
0
2
3
0
0
0
0
1
0
0
0
0
0
0
0
0
0
0
0
];
