signal_errors_0_1024_v = [14
10
11
5
7
5
2
2
1
1
0
0
1
0
0
0
0
0
0
0
0
0
0
0
0
];
