signal_errors_4_1024_v = [0
0
0
0
0
0
0
0
0
0
0
0
0
0
0
0
];
