SNR_3_1024_v = [8
8.2
8.4
8.6
8.8
9
9.2
9.4
9.6
9.8
10
10.2
10.4
10.6
10.8
11
11.2
11.4
11.6
11.8
12
12.2
12.4
12.6
12.8
13
];
