SNR_5_1024_v = [14
14.2
14.4
14.6
14.8
15
15.2
15.4
15.6
15.8
16
16.2
16.4
16.6
16.8
17
17.2
17.4
17.6
17.8
18
18.2
18.4
18.6
18.8
19
];
