SNR_4_1024_v = [12
12.2
12.4
12.6
12.8
13
13.2
13.4
13.6
13.8
14
14.2
14.4
14.6
14.8
15
];
