trials_2_256_v = [1019
1051
1112
1224
1401
1642
1953
2405
3036
3685
4897
6412
7686
10000
10000
10000
10000
10000
10000
10000
10000
10000
10000
10000
10000
10000
];
