trials_0_1024_v = [1228
1474
1875
2517
3900
5658
9317
10000
10000
10000
10000
10000
10000
10000
10000
10000
10000
10000
10000
10000
10000
10000
10000
10000
10000
];
