trials_4_256_v = [1144
1197
1191
1154
1108
1072
1109
1201
1494
1946
2816
4492
7191
10000
10000
10000
10000
10000
10000
10000
10000
10000
10000
10000
10000
10000
];
