trials_5_256_v = [1253
1589
2168
3266
5020
8752
10000
10000
10000
10000
10000
10000
10000
10000
10000
10000
10000
10000
10000
10000
10000
10000
10000
10000
10000
10000
];
