trials_0_256_v = [1278
1202
1212
1309
1522
1872
2372
3593
5295
8257
10000
10000
10000
10000
10000
10000
10000
10000
10000
10000
10000
10000
10000
10000
10000
];
