trials_1_1024_v = [1190
1447
1919
2741
4649
7694
10000
10000
10000
10000
10000
10000
10000
10000
10000
10000
10000
10000
10000
10000
10000
10000
10000
10000
10000
10000
];
