trials_1_256_v = [1032
1040
1065
1176
1409
1871
2492
4034
6736
10000
10000
10000
10000
10000
10000
10000
10000
10000
10000
10000
10000
10000
10000
10000
10000
];
