trials_3_1024_v = [1179
1345
1439
1642
1934
2190
2516
3198
4124
5120
6859
9578
10000
10000
10000
10000
10000
10000
10000
10000
10000
10000
10000
10000
10000
10000
];
