trials_5_1024_v = [1015
1051
1172
1346
1839
2786
4323
7288
10000
10000
10000
10000
10000
10000
10000
10000
10000
10000
10000
10000
10000
10000
10000
10000
10000
10000
];
