trials_4_1024_v = [1361
1795
2665
4186
7512
10000
10000
10000
10000
10000
10000
10000
10000
10000
10000
10000
];
