trials_2_1024_v = [1114
1186
1341
1579
1886
2339
2902
3620
4132
5476
7065
9250
10000
10000
10000
10000
10000
10000
10000
10000
10000
10000
10000
10000
10000
10000
];
