trials_3_256_v = [1000
1001
1003
1014
1028
1053
1142
1253
1385
1585
1887
2307
2714
3080
3854
4687
5712
7556
9480
10000
10000
10000
10000
10000
10000
10000
];
