bler = [0.000000,1.000000e+00,
0.200000,1.000000e+00,
0.400000,1.000000e+00,
0.600000,1.000000e+00,
0.800000,1.000000e+00,
1.000000,1.000000e+00,
1.200000,1.000000e+00,
1.400000,1.000000e+00,
1.600000,1.000000e+00,
1.800000,1.000000e+00,
2.000000,1.000000e+00,
2.200000,1.000000e+00,
2.400000,1.000000e+00,
2.600000,1.000000e+00,
2.800000,1.000000e+00,
3.000000,1.000000e+00,
3.200000,1.000000e+00,
3.400000,1.000000e+00,
3.600000,1.000000e+00,
3.800000,1.000000e+00,
4.000000,1.000000e+00,
4.200000,1.000000e+00,
4.400000,1.000000e+00,
4.600000,1.000000e+00,
4.800000,1.000000e+00,
5.000000,1.000000e+00,
5.200000,1.000000e+00,
5.400000,1.000000e+00,
5.600000,1.000000e+00,
5.800000,9.708738e-01,
6.000000,8.849558e-01,
6.200000,4.694836e-01,
6.400000,1.333333e-01,
6.600000,1.792115e-02,
6.800000,7.699923e-04];
