bler = [6.000000,1.000000e+00,
6.200000,1.000000e+00,
6.400000,1.000000e+00,
6.600000,1.000000e+00,
6.800000,1.000000e+00,
7.000000,1.000000e+00,
7.200000,1.000000e+00,
7.400000,1.000000e+00,
7.600000,1.000000e+00,
7.800000,1.000000e+00,
8.000000,1.000000e+00,
8.200000,1.000000e+00,
8.400000,1.000000e+00,
8.600000,1.000000e+00,
8.800000,1.000000e+00,
9.000000,1.000000e+00,
9.200000,1.000000e+00,
9.400000,1.000000e+00,
9.600000,1.000000e+00,
9.800000,1.000000e+00,
10.000000,1.000000e+00,
10.200000,1.000000e+00,
10.400000,1.000000e+00,
10.600000,1.000000e+00,
10.800000,1.000000e+00,
11.000000,1.000000e+00,
11.200000,1.000000e+00,
11.400000,9.900990e-01,
11.600000,1.000000e+00,
11.800000,1.000000e+00,
12.000000,9.174312e-01,
12.200000,7.812500e-01,
12.400000,5.747126e-01,
12.600000,2.610966e-01,
12.800000,1.092896e-01,
13.000000,2.821670e-02,
13.200000,6.556517e-03];
