bler = [6.000000,1.000000e+00,
6.200000,1.000000e+00,
6.400000,1.000000e+00,
6.600000,1.000000e+00,
6.800000,1.000000e+00,
7.000000,1.000000e+00,
7.200000,1.000000e+00,
7.400000,1.000000e+00,
7.600000,1.000000e+00,
7.800000,1.000000e+00,
8.000000,1.000000e+00,
8.200000,1.000000e+00,
8.400000,1.000000e+00,
8.600000,1.000000e+00,
8.800000,1.000000e+00,
9.000000,1.000000e+00,
9.200000,1.000000e+00,
9.400000,1.000000e+00,
9.600000,1.000000e+00,
9.800000,1.000000e+00,
10.000000,1.000000e+00,
10.200000,1.000000e+00,
10.400000,1.000000e+00,
10.600000,1.000000e+00,
10.800000,1.000000e+00,
11.000000,1.000000e+00,
11.200000,1.000000e+00,
11.400000,1.000000e+00,
11.600000,1.000000e+00,
11.800000,1.000000e+00,
12.000000,1.000000e+00,
12.200000,1.000000e+00,
12.400000,1.000000e+00,
12.600000,1.000000e+00,
12.800000,1.000000e+00,
13.000000,1.000000e+00,
13.200000,1.000000e+00,
13.400000,1.000000e+00,
13.600000,1.000000e+00,
13.800000,1.000000e+00,
14.000000,1.000000e+00,
14.200000,1.000000e+00,
14.400000,1.000000e+00,
14.600000,1.000000e+00,
14.800000,1.000000e+00,
15.000000,1.000000e+00,
15.200000,1.000000e+00,
15.400000,1.000000e+00,
15.600000,1.000000e+00,
15.800000,9.803922e-01,
16.000000,9.345794e-01,
16.200000,8.849558e-01,
16.400000,7.936508e-01,
16.600000,5.747126e-01,
16.800000,3.597122e-01,
17.000000,2.178649e-01,
17.200000,1.432665e-01,
17.400000,5.534034e-02,
17.600000,2.010859e-02,
17.800000,6.755387e-03];
