bler = [6.000000,1.000000e+00,
6.200000,1.000000e+00,
6.400000,1.000000e+00,
6.600000,1.000000e+00,
6.800000,1.000000e+00,
7.000000,1.000000e+00,
7.200000,1.000000e+00,
7.400000,1.000000e+00,
7.600000,1.000000e+00,
7.800000,1.000000e+00,
8.000000,1.000000e+00,
8.200000,1.000000e+00,
8.400000,1.000000e+00,
8.600000,1.000000e+00,
8.800000,1.000000e+00,
9.000000,1.000000e+00,
9.200000,1.000000e+00,
9.400000,1.000000e+00,
9.600000,1.000000e+00,
9.800000,1.000000e+00,
10.000000,1.000000e+00,
10.200000,1.000000e+00,
10.400000,1.000000e+00,
10.600000,1.000000e+00,
10.800000,1.000000e+00,
11.000000,1.000000e+00,
11.200000,1.000000e+00,
11.400000,1.000000e+00,
11.600000,9.708738e-01,
11.800000,6.944444e-01,
12.000000,4.524887e-01,
12.200000,2.087683e-01,
12.400000,5.599104e-02,
12.600000,1.263424e-02,
12.800000,1.848531e-03];
