bler = [6.000000,1.000000e+00,
6.200000,1.000000e+00,
6.400000,1.000000e+00,
6.600000,1.000000e+00,
6.800000,1.000000e+00,
7.000000,1.000000e+00,
7.200000,1.000000e+00,
7.400000,1.000000e+00,
7.600000,1.000000e+00,
7.800000,1.000000e+00,
8.000000,1.000000e+00,
8.200000,1.000000e+00,
8.400000,1.000000e+00,
8.600000,1.000000e+00,
8.800000,1.000000e+00,
9.000000,1.000000e+00,
9.200000,1.000000e+00,
9.400000,1.000000e+00,
9.600000,1.000000e+00,
9.800000,1.000000e+00,
10.000000,1.000000e+00,
10.200000,1.000000e+00,
10.400000,1.000000e+00,
10.600000,1.000000e+00,
10.800000,1.000000e+00,
11.000000,1.000000e+00,
11.200000,1.000000e+00,
11.400000,1.000000e+00,
11.600000,1.000000e+00,
11.800000,1.000000e+00,
12.000000,1.000000e+00,
12.200000,1.000000e+00,
12.400000,1.000000e+00,
12.600000,1.000000e+00,
12.800000,1.000000e+00,
13.000000,1.000000e+00,
13.200000,1.000000e+00,
13.400000,1.000000e+00,
13.600000,1.000000e+00,
13.800000,1.000000e+00,
14.000000,1.000000e+00,
14.200000,1.000000e+00,
14.400000,1.000000e+00,
14.600000,1.000000e+00,
14.800000,1.000000e+00,
15.000000,1.000000e+00,
15.200000,1.000000e+00,
15.400000,1.000000e+00,
15.600000,9.900990e-01,
15.800000,9.803922e-01,
16.000000,8.474576e-01,
16.200000,6.329114e-01,
16.400000,3.875969e-01,
16.600000,1.831502e-01,
16.800000,8.628128e-02,
17.000000,3.008424e-02,
17.200000,6.157256e-03];
