bler = [6.000000,1.000000e+00,
6.200000,1.000000e+00,
6.400000,1.000000e+00,
6.600000,1.000000e+00,
6.800000,1.000000e+00,
7.000000,1.000000e+00,
7.200000,1.000000e+00,
7.400000,1.000000e+00,
7.600000,1.000000e+00,
7.800000,1.000000e+00,
8.000000,1.000000e+00,
8.200000,1.000000e+00,
8.400000,1.000000e+00,
8.600000,1.000000e+00,
8.800000,1.000000e+00,
9.000000,1.000000e+00,
9.200000,1.000000e+00,
9.400000,1.000000e+00,
9.600000,1.000000e+00,
9.800000,1.000000e+00,
10.000000,1.000000e+00,
10.200000,1.000000e+00,
10.400000,1.000000e+00,
10.600000,1.000000e+00,
10.800000,1.000000e+00,
11.000000,1.000000e+00,
11.200000,1.000000e+00,
11.400000,1.000000e+00,
11.600000,1.000000e+00,
11.800000,1.000000e+00,
12.000000,1.000000e+00,
12.200000,1.000000e+00,
12.400000,1.000000e+00,
12.600000,1.000000e+00,
12.800000,1.000000e+00,
13.000000,1.000000e+00,
13.200000,1.000000e+00,
13.400000,1.000000e+00,
13.600000,1.000000e+00,
13.800000,1.000000e+00,
14.000000,1.000000e+00,
14.200000,1.000000e+00,
14.400000,1.000000e+00,
14.600000,1.000000e+00,
14.800000,1.000000e+00,
15.000000,1.000000e+00,
15.200000,1.000000e+00,
15.400000,1.000000e+00,
15.600000,1.000000e+00,
15.800000,1.000000e+00,
16.000000,1.000000e+00,
16.200000,1.000000e+00,
16.400000,1.000000e+00,
16.600000,1.000000e+00,
16.800000,1.000000e+00,
17.000000,1.000000e+00,
17.200000,1.000000e+00,
17.400000,1.000000e+00,
17.600000,1.000000e+00,
17.800000,1.000000e+00,
18.000000,1.000000e+00,
18.200000,1.000000e+00,
18.400000,1.000000e+00,
18.600000,1.000000e+00,
18.800000,1.000000e+00,
19.000000,1.000000e+00,
19.200000,1.000000e+00,
19.400000,1.000000e+00,
19.600000,1.000000e+00,
19.800000,1.000000e+00,
20.000000,9.708738e-01,
20.200000,9.708738e-01,
20.400000,9.708738e-01,
20.600000,9.523810e-01,
20.800000,8.771930e-01,
21.000000,8.403361e-01,
21.200000,8.264463e-01,
21.400000,7.352941e-01,
21.600000,5.780347e-01,
21.800000,5.347594e-01,
22.000000,4.385965e-01,
22.200000,3.333333e-01,
22.400000,2.525253e-01,
22.600000,1.934236e-01,
22.800000,1.769912e-01,
23.000000,1.250000e-01,
23.200000,8.561644e-02,
23.400000,5.988024e-02,
23.600000,3.736921e-02,
23.800000,2.513826e-02,
24.000000,1.805706e-02,
24.200000,1.205546e-02,
24.400000,7.552870e-03];
