bler = [6.000000,1.000000e+00,
6.200000,1.000000e+00,
6.400000,1.000000e+00,
6.600000,1.000000e+00,
6.800000,1.000000e+00,
7.000000,1.000000e+00,
7.200000,1.000000e+00,
7.400000,1.000000e+00,
7.600000,1.000000e+00,
7.800000,1.000000e+00,
8.000000,1.000000e+00,
8.200000,1.000000e+00,
8.400000,9.803922e-01,
8.600000,8.928571e-01,
8.800000,6.369427e-01,
9.000000,3.424658e-01,
9.200000,1.223990e-01,
9.400000,2.245677e-02,
9.600000,2.933928e-03];
