bler = [0.000000,1.000000e+00,
0.200000,1.000000e+00,
0.400000,1.000000e+00,
0.600000,1.000000e+00,
0.800000,1.000000e+00,
1.000000,1.000000e+00,
1.200000,1.000000e+00,
1.400000,1.000000e+00,
1.600000,1.000000e+00,
1.800000,9.900990e-01,
2.000000,8.849558e-01,
2.200000,4.366812e-01,
2.400000,1.196172e-01,
2.600000,1.256755e-02,
2.800000,6.299937e-04];
