bler = [0.000000,1.000000e+00,
0.200000,1.000000e+00,
0.400000,1.000000e+00,
0.600000,1.000000e+00,
0.800000,1.000000e+00,
1.000000,1.000000e+00,
1.200000,1.000000e+00,
1.400000,1.000000e+00,
1.600000,1.000000e+00,
1.800000,1.000000e+00,
2.000000,1.000000e+00,
2.200000,1.000000e+00,
2.400000,1.000000e+00,
2.600000,1.000000e+00,
2.800000,1.000000e+00,
3.000000,1.000000e+00,
3.200000,1.000000e+00,
3.400000,1.000000e+00,
3.600000,1.000000e+00,
3.800000,9.900990e-01,
4.000000,9.090909e-01,
4.200000,5.434783e-01,
4.400000,1.658375e-01,
4.600000,2.306273e-02,
4.800000,8.199918e-04];
