bler = [-3.000000,1.000000e+00;
-2.800000,1.000000e+00;
-2.600000,1.000000e+00;
-2.400000,1.000000e+00;
-2.200000,1.000000e+00;
-2.000000,9.970090e-01;
-1.800000,9.560229e-01;
-1.600000,7.633588e-01;
-1.400000,4.158004e-01;
-1.200000,1.283203e-01;
-1.000000,2.139786e-02;
-0.800000,1.699830e-03;
-0.600000,9.999000e-05];
