bler = [1.000000,1.000000e+00;
1.200000,1.000000e+00;
1.400000,1.000000e+00;
1.600000,1.000000e+00;
1.800000,1.000000e+00;
2.000000,1.000000e+00;
2.200000,9.960159e-01;
2.400000,9.606148e-01;
2.600000,7.513148e-01;
2.800000,3.988831e-01;
3.000000,1.228049e-01;
3.200000,2.099790e-02;
3.400000,3.399660e-03;
3.600000,1.999800e-04];
