bler = [-5.000000,1.000000e+00;
-4.800000,9.990010e-01;
-4.600000,9.871668e-01;
-4.400000,9.345794e-01;
-4.200000,7.686395e-01;
-4.000000,5.200208e-01;
-3.800000,2.336995e-01;
-3.600000,6.859314e-02;
-3.400000,1.499850e-02;
-3.200000,1.899810e-03;
-3.000000,2.999700e-04];
