bler = [2.000000,1.000000e+00;
2.200000,1.000000e+00;
2.400000,9.900990e-01;
2.600000,8.354219e-01;
2.800000,4.601933e-01;
3.000000,1.173709e-01;
3.200000,1.349865e-02;
3.400000,1.099890e-03;
3.600000,0.000000e+00];
