bler = [-1.000000,1.000000e+00;
-0.800000,1.000000e+00;
-0.600000,1.000000e+00;
-0.400000,1.000000e+00;
-0.200000,1.000000e+00;
-0.000000,9.940358e-01;
0.200000,9.407338e-01;
0.400000,6.949270e-01;
0.600000,3.353454e-01;
0.800000,8.939106e-02;
1.000000,1.249875e-02;
1.200000,1.199880e-03;
1.400000,1.999800e-04];
