bler = [6.000000,9.990010e-01;
6.200000,1.000000e+00;
6.400000,9.960159e-01;
6.600000,8.912656e-01;
6.800000,5.192108e-01;
7.000000,1.363698e-01;
7.200000,1.149885e-02;
7.400000,1.099890e-03;
7.600000,0.000000e+00];
