bler = [-7.000000,9.900990e-01;
-6.800000,9.523810e-01;
-6.600000,8.547009e-01;
-6.400000,6.497726e-01;
-6.200000,4.196391e-01;
-6.000000,1.960016e-01;
-5.800000,7.389261e-02;
-5.600000,2.009799e-02;
-5.400000,3.799620e-03;
-5.200000,8.999100e-04];
