bler = [9.000000,9.920635e-01;
9.200000,8.818342e-01;
9.400000,5.104645e-01;
9.600000,1.169317e-01;
9.800000,9.899010e-03;
10.000000,3.999600e-04];
