bler = [8.000000,9.980040e-01;
8.200000,9.852217e-01;
8.400000,8.354219e-01;
8.600000,3.777862e-01;
8.800000,8.619138e-02;
9.000000,9.999000e-03;
9.200000,9.999000e-04];
