bler = [-4.000000,1.000000e+00;
-3.800000,1.000000e+00;
-3.600000,9.900990e-01;
-3.400000,9.328358e-01;
-3.200000,7.763975e-01;
-3.000000,4.478280e-01;
-2.800000,1.598721e-01;
-2.600000,3.439656e-02;
-2.400000,2.799720e-03;
-2.200000,3.999600e-04];
