bler = [10.000000,2.298322e-01;
10.200000,2.649735e-02;
10.400000,1.199880e-03;
10.600000,0.000000e+00];
