bler = [-6.000000,9.852217e-01;
-5.800000,9.407338e-01;
-5.600000,8.230453e-01;
-5.400000,6.157635e-01;
-5.200000,3.390980e-01;
-5.000000,1.381788e-01;
-4.800000,4.149585e-02;
-4.600000,6.599340e-03;
-4.400000,1.199880e-03;
-4.200000,9.999000e-05];
