bler = [11.000000,9.532888e-01;
11.200000,6.640106e-01;
11.400000,2.605524e-01;
11.600000,5.529447e-02;
11.800000,7.299270e-03;
12.000000,6.999300e-04];
