bler = [5.000000,1.000000e+00;
5.200000,1.000000e+00;
5.400000,9.940358e-01;
5.600000,8.976661e-01;
5.800000,5.178664e-01;
6.000000,1.472754e-01;
6.200000,1.459854e-02;
6.400000,9.999000e-04];
