bler = [15.000000,1.000000e+00;
15.200000,1.000000e+00;
15.400000,9.980040e-01;
15.600000,9.293680e-01;
15.800000,6.325111e-01;
16.000000,2.598753e-01;
16.200000,5.719428e-02;
16.400000,9.099090e-03;
16.600000,6.999300e-04];
