bler = [12.000000,1.000000e+00;
12.200000,9.578544e-01;
12.400000,7.763975e-01;
12.600000,4.508566e-01;
12.800000,1.538462e-01;
13.000000,2.689731e-02;
13.200000,5.099490e-03;
13.400000,2.999700e-04];
