bler = [7.000000,1.000000e+00;
7.200000,1.000000e+00;
7.400000,9.990010e-01;
7.600000,9.514748e-01;
7.800000,6.544503e-01;
8.000000,2.206531e-01;
8.200000,3.139686e-02;
8.400000,2.699730e-03;
8.600000,1.999800e-04];
