bler = [4.000000,9.990010e-01;
4.200000,9.541985e-01;
4.400000,7.077141e-01;
4.600000,2.708559e-01;
4.800000,4.119588e-02;
5.000000,2.599740e-03;
5.200000,0.000000e+00];
