bler = [16.000000,1.000000e+00;
16.200000,1.000000e+00;
16.400000,1.000000e+00;
16.600000,1.000000e+00;
16.800000,1.000000e+00;
17.000000,1.000000e+00;
17.200000,1.000000e+00;
17.400000,1.000000e+00;
17.600000,1.000000e+00;
17.800000,9.990010e-01;
18.000000,9.980040e-01;
18.200000,9.794319e-01;
18.400000,9.259259e-01;
18.600000,7.727975e-01;
18.800000,5.743825e-01;
19.000000,3.372681e-01;
19.200000,1.791794e-01;
19.400000,8.719128e-02;
19.600000,3.689631e-02;
19.800000,1.609839e-02;
20.000000,6.699330e-03;
20.200000,3.999600e-03;
20.400000,1.299870e-03;
20.600000,7.999200e-04];
