bler = [-8.000000,9.066183e-01;
-7.800000,7.547170e-01;
-7.600000,6.112469e-01;
-7.400000,3.929273e-01;
-7.200000,2.077706e-01;
-7.000000,8.629137e-02;
-6.800000,3.049695e-02;
-6.600000,7.799220e-03;
-6.400000,1.099890e-03;
-6.200000,1.999800e-04];