bler = [-2.000000,1.000000e+00;
-1.800000,1.000000e+00;
-1.600000,1.000000e+00;
-1.400000,9.990010e-01;
-1.200000,9.980040e-01;
-1.000000,9.487666e-01;
-0.800000,7.358352e-01;
-0.600000,3.650968e-01;
-0.400000,9.289071e-02;
-0.200000,1.089891e-02;
-0.000000,1.199880e-03;
0.200000,9.999000e-05];
