bler = [0.000000,1.000000e+00;
0.200000,1.000000e+00;
0.400000,1.000000e+00;
0.600000,1.000000e+00;
0.800000,1.000000e+00;
1.000000,9.970090e-01;
1.200000,9.680542e-01;
1.400000,8.071025e-01;
1.600000,4.580852e-01;
1.800000,1.606684e-01;
2.000000,2.929707e-02;
2.200000,3.099690e-03;
2.400000,3.999600e-04];
