bler = [14.000000,1.000000e+00;
14.200000,9.871668e-01;
14.400000,8.795075e-01;
14.600000,5.662514e-01;
14.800000,2.238138e-01;
15.000000,5.349465e-02;
15.200000,8.099190e-03;
15.400000,7.999200e-04];
