bler = [3.000000,9.990010e-01;
3.200000,9.990010e-01;
3.400000,9.560229e-01;
3.600000,7.209805e-01;
3.800000,3.282994e-01;
4.000000,6.429357e-02;
4.200000,6.699330e-03;
4.400000,6.999300e-04];
