bler = [17.000000,1.000000e+00;
17.200000,1.000000e+00;
17.400000,1.000000e+00;
17.600000,1.000000e+00;
17.800000,1.000000e+00;
18.000000,1.000000e+00;
18.200000,1.000000e+00;
18.400000,1.000000e+00;
18.600000,1.000000e+00;
18.800000,1.000000e+00;
19.000000,1.000000e+00;
19.200000,1.000000e+00;
19.400000,1.000000e+00;
19.600000,1.000000e+00;
19.800000,1.000000e+00;
20.000000,1.000000e+00;
20.200000,1.000000e+00;
20.400000,1.000000e+00;
20.600000,1.000000e+00;
20.800000,1.000000e+00;
21.000000,1.000000e+00;
21.200000,1.000000e+00;
21.400000,1.000000e+00;
21.600000,1.000000e+00;
21.800000,1.000000e+00;
22.000000,1.000000e+00;
22.200000,1.000000e+00;
22.400000,1.000000e+00;
22.600000,1.000000e+00;
22.800000,1.000000e+00;
23.000000,1.000000e+00;
23.200000,1.000000e+00;
23.400000,1.000000e+00;
23.600000,1.000000e+00;
23.800000,1.000000e+00;
24.000000,1.000000e+00;
24.200000,1.000000e+00;
24.400000,1.000000e+00;
24.600000,1.000000e+00;
24.800000,1.000000e+00;
25.000000,1.000000e+00;
25.200000,1.000000e+00;
25.400000,1.000000e+00;
25.600000,1.000000e+00;
25.800000,1.000000e+00;
26.000000,1.000000e+00;
26.200000,1.000000e+00;
26.400000,1.000000e+00;
26.600000,1.000000e+00;
26.800000,1.000000e+00;
27.000000,1.000000e+00];
