bler = [13.000000,1.000000e+00;
13.200000,9.960159e-01;
13.400000,8.936550e-01;
13.600000,5.844535e-01;
13.800000,2.261932e-01;
14.000000,5.069493e-02;
14.200000,1.069893e-02;
14.400000,2.499750e-03;
14.600000,2.999700e-04];
