data_all=[3.000000,448081,154513,3,508+1i*(0),508+1i*(-4),508+1i*(-4),508+1i*(-4),508+1i*(-4),512+1i*(-4),512+1i*(-4),512+1i*(-4),508+1i*(-4),508+1i*(-4),504+1i*(-4),508+1i*(-4),508+1i*(0),508+1i*(-4),504+1i*(-4),504+1i*(-4),508+1i*(-4),508+1i*(-4),508+1i*(-4),508+1i*(-4),508+1i*(-4),504+1i*(-4),508+1i*(-4),508+1i*(-4),508+1i*(0),508+1i*(-4),508+1i*(-4),508+1i*(-4),508+1i*(-4),508+1i*(-4),512+1i*(-4),508+1i*(-8),508+1i*(-8),508+1i*(-8),508+1i*(-8),508+1i*(-8),508+1i*(-4),508+1i*(-4),508+1i*(-4),504+1i*(-4),504+1i*(-4),508+1i*(-4),508+1i*(0),508+1i*(0),504+1i*(0),504+1i*(0),508+1i*(0),508+1i*(0),508+1i*(0),508+1i*(-4),508+1i*(-4),508+1i*(-4),508+1i*(-4),508+1i*(-4),512+1i*(-4),508+1i*(-8),508+1i*(-8),508+1i*(-8),504+1i*(-8),508+1i*(-8),508+1i*(-4),508+1i*(-4),504+1i*(-4),504+1i*(-4),508+1i*(-4),508+1i*(-4),508+1i*(0),508+1i*(-4),508+1i*(-4),504+1i*(-4),508+1i*(-4),508+1i*(-4),508+1i*(-4),508+1i*(-4),508+1i*(-4),504+1i*(-4),504+1i*(-4),508+1i*(-4),508+1i*(0),508+1i*(0),504+1i*(0),504+1i*(0),508+1i*(0),508+1i*(0),508+1i*(0),508+1i*(-4),508+1i*(-4),504+1i*(-4),508+1i*(-4),508+1i*(-4),508+1i*(-4),508+1i*(-4),508+1i*(-4),504+1i*(-4),508+1i*(-4),508+1i*(-4),508+1i*(0),508+1i*(0),508+1i*(0),504+1i*(0),508+1i*(0),508+1i*(0),508+1i*(0),508+1i*(-4),508+1i*(-4),504+1i*(-4),508+1i*(-4),508+1i*(-4),508+1i*(-4),508+1i*(-4),508+1i*(-4),508+1i*(-4),508+1i*(-4),508+1i*(-4),512+1i*(0),508+1i*(0),508+1i*(0),508+1i*(0),508+1i*(0),508+1i*(0),508+1i*(0),508+1i*(0),508+1i*(0),504+1i*(0),508+1i*(0),508+1i*(0),508+1i*(0),508+1i*(0),508+1i*(0),504+1i*(0),508+1i*(0),508+1i*(0),508+1i*(0),508+1i*(0),508+1i*(0),504+1i*(0),508+1i*(0),508+1i*(0),508+1i*(0),508+1i*(0),508+1i*(0),504+1i*(0),504+1i*(0),508+1i*(0),508+1i*(0),504+1i*(0),504+1i*(0),500+1i*(0),572+1i*(0),572+1i*(0),500+1i*(4),500+1i*(-4),500+1i*(-4),500+1i*(-4),500+1i*(-4),504+1i*(-8),508+1i*(-8),508+1i*(-12),504+1i*(-8),508+1i*(-8),508+1i*(-8),512+1i*(-8),512+1i*(-4),512+1i*(-8),508+1i*(-8),508+1i*(-8),504+1i*(-8),508+1i*(-8),508+1i*(-4),508+1i*(-4),504+1i*(-4),504+1i*(-4),504+1i*(-4),508+1i*(-4),508+1i*(0),508+1i*(0),504+1i*(0),504+1i*(0),504+1i*(0),508+1i*(0),508+1i*(0),508+1i*(-4),504+1i*(-4),504+1i*(-4),504+1i*(-4),508+1i*(-4),508+1i*(-4),508+1i*(-4),504+1i*(-4),504+1i*(-4),504+1i*(-4),508+1i*(-4),508+1i*(0),508+1i*(0),504+1i*(0),508+1i*(0),508+1i*(0),508+1i*(0),512+1i*(0),508+1i*(0),508+1i*(0),508+1i*(0),504+1i*(0),508+1i*(0),508+1i*(0),508+1i*(-4),504+1i*(-4),508+1i*(-4),508+1i*(-4),508+1i*(-4),512+1i*(-4),508+1i*(-8),508+1i*(-8),512+1i*(-8),508+1i*(-8),508+1i*(-8),512+1i*(-4),508+1i*(-4),508+1i*(-4),508+1i*(-4),504+1i*(-4),508+1i*(-4),508+1i*(0),508+1i*(-4),504+1i*(-4),508+1i*(-4),508+1i*(-4),508+1i*(-4),512+1i*(-4),508+1i*(-8),508+1i*(-8),508+1i*(-8),508+1i*(-8),508+1i*(-8),508+1i*(-4),508+1i*(-8),508+1i*(-8),504+1i*(-8),508+1i*(-8),508+1i*(-8),508+1i*(-4),508+1i*(-4),508+1i*(-4),504+1i*(-4),508+1i*(-4),508+1i*(-4),508+1i*(0),508+1i*(0),508+1i*(0),508+1i*(0),508+1i*(0),508+1i*(0),512+1i*(0),508+1i*(-4),508+1i*(-4),508+1i*(-4),508+1i*(-4),508+1i*(-4),508+1i*(-4),508+1i*(-4),508+1i*(-4),504+1i*(-4),508+1i*(-4),508+1i*(-4),508+1i*(0),508+1i*(0),508+1i*(0),508+1i*(0),508+1i*(0),508+1i*(0),512+1i*(0),508+1i*(0),508+1i*(0),512+1i*(0),508+1i*(0),508+1i*(0),512+1i*(0),508+1i*(0),508+1i*(0),508+1i*(0),508+1i*(0),508+1i*(0),508+1i*(0),508+1i*(0),508+1i*(0),508+1i*(0),508+1i*(0),508+1i*(0),512+1i*(0),508+1i*(0),508+1i*(0),508+1i*(0),504+1i*(0),508+1i*(0),508+1i*(0),504+1i*(0),504+1i*(0),504+1i*(0),504+1i*(0),504+1i*(0),9.990010e-01;
3.200000,457500,149937,3,508+1i*(0),508+1i*(-4),508+1i*(-4),508+1i*(-4),508+1i*(-4),512+1i*(-4),512+1i*(-4),512+1i*(-4),508+1i*(-4),508+1i*(-4),504+1i*(-4),508+1i*(-4),508+1i*(0),508+1i*(-4),504+1i*(-4),504+1i*(-4),508+1i*(-4),508+1i*(-4),508+1i*(-4),508+1i*(-4),508+1i*(-4),504+1i*(-4),508+1i*(-4),508+1i*(-4),508+1i*(0),508+1i*(-4),508+1i*(-4),508+1i*(-4),508+1i*(-4),508+1i*(-4),512+1i*(-4),508+1i*(-8),508+1i*(-8),508+1i*(-8),508+1i*(-8),508+1i*(-8),508+1i*(-4),508+1i*(-4),508+1i*(-4),504+1i*(-4),504+1i*(-4),508+1i*(-4),508+1i*(0),508+1i*(0),504+1i*(0),504+1i*(0),508+1i*(0),508+1i*(0),508+1i*(0),508+1i*(-4),508+1i*(-4),508+1i*(-4),508+1i*(-4),508+1i*(-4),512+1i*(-4),508+1i*(-8),508+1i*(-8),508+1i*(-8),504+1i*(-8),508+1i*(-8),508+1i*(-4),508+1i*(-4),504+1i*(-4),504+1i*(-4),508+1i*(-4),508+1i*(-4),508+1i*(0),508+1i*(-4),508+1i*(-4),504+1i*(-4),508+1i*(-4),508+1i*(-4),508+1i*(-4),508+1i*(-4),508+1i*(-4),504+1i*(-4),504+1i*(-4),508+1i*(-4),508+1i*(0),508+1i*(0),504+1i*(0),504+1i*(0),508+1i*(0),508+1i*(0),508+1i*(0),508+1i*(-4),508+1i*(-4),504+1i*(-4),508+1i*(-4),508+1i*(-4),508+1i*(-4),508+1i*(-4),508+1i*(-4),504+1i*(-4),508+1i*(-4),508+1i*(-4),508+1i*(0),508+1i*(0),508+1i*(0),504+1i*(0),508+1i*(0),508+1i*(0),508+1i*(0),508+1i*(-4),508+1i*(-4),504+1i*(-4),508+1i*(-4),508+1i*(-4),508+1i*(-4),508+1i*(-4),508+1i*(-4),508+1i*(-4),508+1i*(-4),508+1i*(-4),512+1i*(0),508+1i*(0),508+1i*(0),508+1i*(0),508+1i*(0),508+1i*(0),508+1i*(0),508+1i*(0),508+1i*(0),504+1i*(0),508+1i*(0),508+1i*(0),508+1i*(0),508+1i*(0),508+1i*(0),504+1i*(0),508+1i*(0),508+1i*(0),508+1i*(0),508+1i*(0),508+1i*(0),504+1i*(0),508+1i*(0),508+1i*(0),508+1i*(0),508+1i*(0),508+1i*(0),504+1i*(0),504+1i*(0),508+1i*(0),508+1i*(0),504+1i*(0),504+1i*(0),500+1i*(0),572+1i*(0),572+1i*(0),500+1i*(4),500+1i*(-4),500+1i*(-4),500+1i*(-4),500+1i*(-4),504+1i*(-8),508+1i*(-8),508+1i*(-12),504+1i*(-8),508+1i*(-8),508+1i*(-8),512+1i*(-8),512+1i*(-4),512+1i*(-8),508+1i*(-8),508+1i*(-8),504+1i*(-8),508+1i*(-8),508+1i*(-4),508+1i*(-4),504+1i*(-4),504+1i*(-4),504+1i*(-4),508+1i*(-4),508+1i*(0),508+1i*(0),504+1i*(0),504+1i*(0),504+1i*(0),508+1i*(0),508+1i*(0),508+1i*(-4),504+1i*(-4),504+1i*(-4),504+1i*(-4),508+1i*(-4),508+1i*(-4),508+1i*(-4),504+1i*(-4),504+1i*(-4),504+1i*(-4),508+1i*(-4),508+1i*(0),508+1i*(0),504+1i*(0),508+1i*(0),508+1i*(0),508+1i*(0),512+1i*(0),508+1i*(0),508+1i*(0),508+1i*(0),504+1i*(0),508+1i*(0),508+1i*(0),508+1i*(-4),504+1i*(-4),508+1i*(-4),508+1i*(-4),508+1i*(-4),512+1i*(-4),508+1i*(-8),508+1i*(-8),512+1i*(-8),508+1i*(-8),508+1i*(-8),512+1i*(-4),508+1i*(-4),508+1i*(-4),508+1i*(-4),504+1i*(-4),508+1i*(-4),508+1i*(0),508+1i*(-4),504+1i*(-4),508+1i*(-4),508+1i*(-4),508+1i*(-4),512+1i*(-4),508+1i*(-8),508+1i*(-8),508+1i*(-8),508+1i*(-8),508+1i*(-8),508+1i*(-4),508+1i*(-8),508+1i*(-8),504+1i*(-8),508+1i*(-8),508+1i*(-8),508+1i*(-4),508+1i*(-4),508+1i*(-4),504+1i*(-4),508+1i*(-4),508+1i*(-4),508+1i*(0),508+1i*(0),508+1i*(0),508+1i*(0),508+1i*(0),508+1i*(0),512+1i*(0),508+1i*(-4),508+1i*(-4),508+1i*(-4),508+1i*(-4),508+1i*(-4),508+1i*(-4),508+1i*(-4),508+1i*(-4),504+1i*(-4),508+1i*(-4),508+1i*(-4),508+1i*(0),508+1i*(0),508+1i*(0),508+1i*(0),508+1i*(0),508+1i*(0),512+1i*(0),508+1i*(0),508+1i*(0),512+1i*(0),508+1i*(0),508+1i*(0),512+1i*(0),508+1i*(0),508+1i*(0),508+1i*(0),508+1i*(0),508+1i*(0),508+1i*(0),508+1i*(0),508+1i*(0),508+1i*(0),508+1i*(0),508+1i*(0),512+1i*(0),508+1i*(0),508+1i*(0),508+1i*(0),504+1i*(0),508+1i*(0),508+1i*(0),504+1i*(0),504+1i*(0),504+1i*(0),504+1i*(0),504+1i*(0),9.990010e-01;
