data_all=[7.000000,363718,59339,6,508+1i*(0),508+1i*(-4),508+1i*(-4),508+1i*(-4),508+1i*(-4),512+1i*(-4),512+1i*(-4),512+1i*(-4),508+1i*(-4),508+1i*(-4),504+1i*(-4),508+1i*(-4),508+1i*(0),508+1i*(-4),504+1i*(-4),504+1i*(-4),508+1i*(-4),508+1i*(-4),508+1i*(-4),508+1i*(-4),508+1i*(-4),504+1i*(-4),508+1i*(-4),508+1i*(-4),508+1i*(0),508+1i*(-4),508+1i*(-4),508+1i*(-4),508+1i*(-4),508+1i*(-4),512+1i*(-4),508+1i*(-8),508+1i*(-8),508+1i*(-8),508+1i*(-8),508+1i*(-8),508+1i*(-4),508+1i*(-4),508+1i*(-4),504+1i*(-4),504+1i*(-4),508+1i*(-4),508+1i*(0),508+1i*(0),504+1i*(0),504+1i*(0),508+1i*(0),508+1i*(0),508+1i*(0),508+1i*(-4),508+1i*(-4),508+1i*(-4),508+1i*(-4),508+1i*(-4),512+1i*(-4),508+1i*(-8),508+1i*(-8),508+1i*(-8),504+1i*(-8),508+1i*(-8),508+1i*(-4),508+1i*(-4),504+1i*(-4),504+1i*(-4),508+1i*(-4),508+1i*(-4),508+1i*(0),508+1i*(-4),508+1i*(-4),504+1i*(-4),508+1i*(-4),508+1i*(-4),508+1i*(-4),508+1i*(-4),508+1i*(-4),504+1i*(-4),504+1i*(-4),508+1i*(-4),508+1i*(0),508+1i*(0),504+1i*(0),504+1i*(0),508+1i*(0),508+1i*(0),508+1i*(0),508+1i*(-4),508+1i*(-4),504+1i*(-4),508+1i*(-4),508+1i*(-4),508+1i*(-4),508+1i*(-4),508+1i*(-4),504+1i*(-4),508+1i*(-4),508+1i*(-4),508+1i*(0),508+1i*(0),508+1i*(0),504+1i*(0),508+1i*(0),508+1i*(0),508+1i*(0),508+1i*(-4),508+1i*(-4),504+1i*(-4),508+1i*(-4),508+1i*(-4),508+1i*(-4),508+1i*(-4),508+1i*(-4),508+1i*(-4),508+1i*(-4),508+1i*(-4),512+1i*(0),508+1i*(0),508+1i*(0),508+1i*(0),508+1i*(0),508+1i*(0),508+1i*(0),508+1i*(0),508+1i*(0),504+1i*(0),508+1i*(0),508+1i*(0),508+1i*(0),508+1i*(0),508+1i*(0),504+1i*(0),508+1i*(0),508+1i*(0),508+1i*(0),508+1i*(0),508+1i*(0),504+1i*(0),508+1i*(0),508+1i*(0),508+1i*(0),508+1i*(0),508+1i*(0),504+1i*(0),504+1i*(0),508+1i*(0),508+1i*(0),504+1i*(0),504+1i*(0),500+1i*(0),572+1i*(0),572+1i*(0),500+1i*(4),500+1i*(-4),500+1i*(-4),500+1i*(-4),500+1i*(-4),504+1i*(-8),508+1i*(-8),508+1i*(-12),504+1i*(-8),508+1i*(-8),508+1i*(-8),512+1i*(-8),512+1i*(-4),512+1i*(-8),508+1i*(-8),508+1i*(-8),504+1i*(-8),508+1i*(-8),508+1i*(-4),508+1i*(-4),504+1i*(-4),504+1i*(-4),504+1i*(-4),508+1i*(-4),508+1i*(0),508+1i*(0),504+1i*(0),504+1i*(0),504+1i*(0),508+1i*(0),508+1i*(0),508+1i*(-4),504+1i*(-4),504+1i*(-4),504+1i*(-4),508+1i*(-4),508+1i*(-4),508+1i*(-4),504+1i*(-4),504+1i*(-4),504+1i*(-4),508+1i*(-4),508+1i*(0),508+1i*(0),504+1i*(0),508+1i*(0),508+1i*(0),508+1i*(0),512+1i*(0),508+1i*(0),508+1i*(0),508+1i*(0),504+1i*(0),508+1i*(0),508+1i*(0),508+1i*(-4),504+1i*(-4),508+1i*(-4),508+1i*(-4),508+1i*(-4),512+1i*(-4),508+1i*(-8),508+1i*(-8),512+1i*(-8),508+1i*(-8),508+1i*(-8),512+1i*(-4),508+1i*(-4),508+1i*(-4),508+1i*(-4),504+1i*(-4),508+1i*(-4),508+1i*(0),508+1i*(-4),504+1i*(-4),508+1i*(-4),508+1i*(-4),508+1i*(-4),512+1i*(-4),508+1i*(-8),508+1i*(-8),508+1i*(-8),508+1i*(-8),508+1i*(-8),508+1i*(-4),508+1i*(-8),508+1i*(-8),504+1i*(-8),508+1i*(-8),508+1i*(-8),508+1i*(-4),508+1i*(-4),508+1i*(-4),504+1i*(-4),508+1i*(-4),508+1i*(-4),508+1i*(0),508+1i*(0),508+1i*(0),508+1i*(0),508+1i*(0),508+1i*(0),512+1i*(0),508+1i*(-4),508+1i*(-4),508+1i*(-4),508+1i*(-4),508+1i*(-4),508+1i*(-4),508+1i*(-4),508+1i*(-4),504+1i*(-4),508+1i*(-4),508+1i*(-4),508+1i*(0),508+1i*(0),508+1i*(0),508+1i*(0),508+1i*(0),508+1i*(0),512+1i*(0),508+1i*(0),508+1i*(0),512+1i*(0),508+1i*(0),508+1i*(0),512+1i*(0),508+1i*(0),508+1i*(0),508+1i*(0),508+1i*(0),508+1i*(0),508+1i*(0),508+1i*(0),508+1i*(0),508+1i*(0),508+1i*(0),508+1i*(0),512+1i*(0),508+1i*(0),508+1i*(0),508+1i*(0),504+1i*(0),508+1i*(0),508+1i*(0),504+1i*(0),504+1i*(0),504+1i*(0),504+1i*(0),504+1i*(0),1.000000e+00;
7.200000,364612,56029,7,508+1i*(0),508+1i*(-4),508+1i*(-4),508+1i*(-4),508+1i*(-4),512+1i*(-4),512+1i*(-4),512+1i*(-4),508+1i*(-4),508+1i*(-4),504+1i*(-4),508+1i*(-4),508+1i*(0),508+1i*(-4),504+1i*(-4),504+1i*(-4),508+1i*(-4),508+1i*(-4),508+1i*(-4),508+1i*(-4),508+1i*(-4),504+1i*(-4),508+1i*(-4),508+1i*(-4),508+1i*(0),508+1i*(-4),508+1i*(-4),508+1i*(-4),508+1i*(-4),508+1i*(-4),512+1i*(-4),508+1i*(-8),508+1i*(-8),508+1i*(-8),508+1i*(-8),508+1i*(-8),508+1i*(-4),508+1i*(-4),508+1i*(-4),504+1i*(-4),504+1i*(-4),508+1i*(-4),508+1i*(0),508+1i*(0),504+1i*(0),504+1i*(0),508+1i*(0),508+1i*(0),508+1i*(0),508+1i*(-4),508+1i*(-4),508+1i*(-4),508+1i*(-4),508+1i*(-4),512+1i*(-4),508+1i*(-8),508+1i*(-8),508+1i*(-8),504+1i*(-8),508+1i*(-8),508+1i*(-4),508+1i*(-4),504+1i*(-4),504+1i*(-4),508+1i*(-4),508+1i*(-4),508+1i*(0),508+1i*(-4),508+1i*(-4),504+1i*(-4),508+1i*(-4),508+1i*(-4),508+1i*(-4),508+1i*(-4),508+1i*(-4),504+1i*(-4),504+1i*(-4),508+1i*(-4),508+1i*(0),508+1i*(0),504+1i*(0),504+1i*(0),508+1i*(0),508+1i*(0),508+1i*(0),508+1i*(-4),508+1i*(-4),504+1i*(-4),508+1i*(-4),508+1i*(-4),508+1i*(-4),508+1i*(-4),508+1i*(-4),504+1i*(-4),508+1i*(-4),508+1i*(-4),508+1i*(0),508+1i*(0),508+1i*(0),504+1i*(0),508+1i*(0),508+1i*(0),508+1i*(0),508+1i*(-4),508+1i*(-4),504+1i*(-4),508+1i*(-4),508+1i*(-4),508+1i*(-4),508+1i*(-4),508+1i*(-4),508+1i*(-4),508+1i*(-4),508+1i*(-4),512+1i*(0),508+1i*(0),508+1i*(0),508+1i*(0),508+1i*(0),508+1i*(0),508+1i*(0),508+1i*(0),508+1i*(0),504+1i*(0),508+1i*(0),508+1i*(0),508+1i*(0),508+1i*(0),508+1i*(0),504+1i*(0),508+1i*(0),508+1i*(0),508+1i*(0),508+1i*(0),508+1i*(0),504+1i*(0),508+1i*(0),508+1i*(0),508+1i*(0),508+1i*(0),508+1i*(0),504+1i*(0),504+1i*(0),508+1i*(0),508+1i*(0),504+1i*(0),504+1i*(0),500+1i*(0),572+1i*(0),572+1i*(0),500+1i*(4),500+1i*(-4),500+1i*(-4),500+1i*(-4),500+1i*(-4),504+1i*(-8),508+1i*(-8),508+1i*(-12),504+1i*(-8),508+1i*(-8),508+1i*(-8),512+1i*(-8),512+1i*(-4),512+1i*(-8),508+1i*(-8),508+1i*(-8),504+1i*(-8),508+1i*(-8),508+1i*(-4),508+1i*(-4),504+1i*(-4),504+1i*(-4),504+1i*(-4),508+1i*(-4),508+1i*(0),508+1i*(0),504+1i*(0),504+1i*(0),504+1i*(0),508+1i*(0),508+1i*(0),508+1i*(-4),504+1i*(-4),504+1i*(-4),504+1i*(-4),508+1i*(-4),508+1i*(-4),508+1i*(-4),504+1i*(-4),504+1i*(-4),504+1i*(-4),508+1i*(-4),508+1i*(0),508+1i*(0),504+1i*(0),508+1i*(0),508+1i*(0),508+1i*(0),512+1i*(0),508+1i*(0),508+1i*(0),508+1i*(0),504+1i*(0),508+1i*(0),508+1i*(0),508+1i*(-4),504+1i*(-4),508+1i*(-4),508+1i*(-4),508+1i*(-4),512+1i*(-4),508+1i*(-8),508+1i*(-8),512+1i*(-8),508+1i*(-8),508+1i*(-8),512+1i*(-4),508+1i*(-4),508+1i*(-4),508+1i*(-4),504+1i*(-4),508+1i*(-4),508+1i*(0),508+1i*(-4),504+1i*(-4),508+1i*(-4),508+1i*(-4),508+1i*(-4),512+1i*(-4),508+1i*(-8),508+1i*(-8),508+1i*(-8),508+1i*(-8),508+1i*(-8),508+1i*(-4),508+1i*(-8),508+1i*(-8),504+1i*(-8),508+1i*(-8),508+1i*(-8),508+1i*(-4),508+1i*(-4),508+1i*(-4),504+1i*(-4),508+1i*(-4),508+1i*(-4),508+1i*(0),508+1i*(0),508+1i*(0),508+1i*(0),508+1i*(0),508+1i*(0),512+1i*(0),508+1i*(-4),508+1i*(-4),508+1i*(-4),508+1i*(-4),508+1i*(-4),508+1i*(-4),508+1i*(-4),508+1i*(-4),504+1i*(-4),508+1i*(-4),508+1i*(-4),508+1i*(0),508+1i*(0),508+1i*(0),508+1i*(0),508+1i*(0),508+1i*(0),512+1i*(0),508+1i*(0),508+1i*(0),512+1i*(0),508+1i*(0),508+1i*(0),512+1i*(0),508+1i*(0),508+1i*(0),508+1i*(0),508+1i*(0),508+1i*(0),508+1i*(0),508+1i*(0),508+1i*(0),508+1i*(0),508+1i*(0),508+1i*(0),512+1i*(0),508+1i*(0),508+1i*(0),508+1i*(0),504+1i*(0),508+1i*(0),508+1i*(0),504+1i*(0),504+1i*(0),504+1i*(0),504+1i*(0),504+1i*(0),1.000000e+00;
