data_all=[12.000000,306139,18013,12,508+1i*(0),508+1i*(-4),508+1i*(-4),508+1i*(-4),508+1i*(-4),512+1i*(-4),512+1i*(-4),512+1i*(-4),508+1i*(-4),508+1i*(-4),504+1i*(-4),508+1i*(-4),508+1i*(0),508+1i*(-4),504+1i*(-4),504+1i*(-4),508+1i*(-4),508+1i*(-4),508+1i*(-4),508+1i*(-4),508+1i*(-4),504+1i*(-4),508+1i*(-4),508+1i*(-4),508+1i*(0),508+1i*(-4),508+1i*(-4),508+1i*(-4),508+1i*(-4),508+1i*(-4),512+1i*(-4),508+1i*(-8),508+1i*(-8),508+1i*(-8),508+1i*(-8),508+1i*(-8),508+1i*(-4),508+1i*(-4),508+1i*(-4),504+1i*(-4),504+1i*(-4),508+1i*(-4),508+1i*(0),508+1i*(0),504+1i*(0),504+1i*(0),508+1i*(0),508+1i*(0),508+1i*(0),508+1i*(-4),508+1i*(-4),508+1i*(-4),508+1i*(-4),508+1i*(-4),512+1i*(-4),508+1i*(-8),508+1i*(-8),508+1i*(-8),504+1i*(-8),508+1i*(-8),508+1i*(-4),508+1i*(-4),504+1i*(-4),504+1i*(-4),508+1i*(-4),508+1i*(-4),508+1i*(0),508+1i*(-4),508+1i*(-4),504+1i*(-4),508+1i*(-4),508+1i*(-4),508+1i*(-4),508+1i*(-4),508+1i*(-4),504+1i*(-4),504+1i*(-4),508+1i*(-4),508+1i*(0),508+1i*(0),504+1i*(0),504+1i*(0),508+1i*(0),508+1i*(0),508+1i*(0),508+1i*(-4),508+1i*(-4),504+1i*(-4),508+1i*(-4),508+1i*(-4),508+1i*(-4),508+1i*(-4),508+1i*(-4),504+1i*(-4),508+1i*(-4),508+1i*(-4),508+1i*(0),508+1i*(0),508+1i*(0),504+1i*(0),508+1i*(0),508+1i*(0),508+1i*(0),508+1i*(-4),508+1i*(-4),504+1i*(-4),508+1i*(-4),508+1i*(-4),508+1i*(-4),508+1i*(-4),508+1i*(-4),508+1i*(-4),508+1i*(-4),508+1i*(-4),512+1i*(0),508+1i*(0),508+1i*(0),508+1i*(0),508+1i*(0),508+1i*(0),508+1i*(0),508+1i*(0),508+1i*(0),504+1i*(0),508+1i*(0),508+1i*(0),508+1i*(0),508+1i*(0),508+1i*(0),504+1i*(0),508+1i*(0),508+1i*(0),508+1i*(0),508+1i*(0),508+1i*(0),504+1i*(0),508+1i*(0),508+1i*(0),508+1i*(0),508+1i*(0),508+1i*(0),504+1i*(0),504+1i*(0),508+1i*(0),508+1i*(0),504+1i*(0),504+1i*(0),500+1i*(0),572+1i*(0),572+1i*(0),500+1i*(4),500+1i*(-4),500+1i*(-4),500+1i*(-4),500+1i*(-4),504+1i*(-8),508+1i*(-8),508+1i*(-12),504+1i*(-8),508+1i*(-8),508+1i*(-8),512+1i*(-8),512+1i*(-4),512+1i*(-8),508+1i*(-8),508+1i*(-8),504+1i*(-8),508+1i*(-8),508+1i*(-4),508+1i*(-4),504+1i*(-4),504+1i*(-4),504+1i*(-4),508+1i*(-4),508+1i*(0),508+1i*(0),504+1i*(0),504+1i*(0),504+1i*(0),508+1i*(0),508+1i*(0),508+1i*(-4),504+1i*(-4),504+1i*(-4),504+1i*(-4),508+1i*(-4),508+1i*(-4),508+1i*(-4),504+1i*(-4),504+1i*(-4),504+1i*(-4),508+1i*(-4),508+1i*(0),508+1i*(0),504+1i*(0),508+1i*(0),508+1i*(0),508+1i*(0),512+1i*(0),508+1i*(0),508+1i*(0),508+1i*(0),504+1i*(0),508+1i*(0),508+1i*(0),508+1i*(-4),504+1i*(-4),508+1i*(-4),508+1i*(-4),508+1i*(-4),512+1i*(-4),508+1i*(-8),508+1i*(-8),512+1i*(-8),508+1i*(-8),508+1i*(-8),512+1i*(-4),508+1i*(-4),508+1i*(-4),508+1i*(-4),504+1i*(-4),508+1i*(-4),508+1i*(0),508+1i*(-4),504+1i*(-4),508+1i*(-4),508+1i*(-4),508+1i*(-4),512+1i*(-4),508+1i*(-8),508+1i*(-8),508+1i*(-8),508+1i*(-8),508+1i*(-8),508+1i*(-4),508+1i*(-8),508+1i*(-8),504+1i*(-8),508+1i*(-8),508+1i*(-8),508+1i*(-4),508+1i*(-4),508+1i*(-4),504+1i*(-4),508+1i*(-4),508+1i*(-4),508+1i*(0),508+1i*(0),508+1i*(0),508+1i*(0),508+1i*(0),508+1i*(0),512+1i*(0),508+1i*(-4),508+1i*(-4),508+1i*(-4),508+1i*(-4),508+1i*(-4),508+1i*(-4),508+1i*(-4),508+1i*(-4),504+1i*(-4),508+1i*(-4),508+1i*(-4),508+1i*(0),508+1i*(0),508+1i*(0),508+1i*(0),508+1i*(0),508+1i*(0),512+1i*(0),508+1i*(0),508+1i*(0),512+1i*(0),508+1i*(0),508+1i*(0),512+1i*(0),508+1i*(0),508+1i*(0),508+1i*(0),508+1i*(0),508+1i*(0),508+1i*(0),508+1i*(0),508+1i*(0),508+1i*(0),508+1i*(0),508+1i*(0),512+1i*(0),508+1i*(0),508+1i*(0),508+1i*(0),504+1i*(0),508+1i*(0),508+1i*(0),504+1i*(0),504+1i*(0),504+1i*(0),504+1i*(0),504+1i*(0),1.000000e+00;
12.200000,296919,16330,12,508+1i*(0),508+1i*(-4),508+1i*(-4),508+1i*(-4),508+1i*(-4),512+1i*(-4),512+1i*(-4),512+1i*(-4),508+1i*(-4),508+1i*(-4),504+1i*(-4),508+1i*(-4),508+1i*(0),508+1i*(-4),504+1i*(-4),504+1i*(-4),508+1i*(-4),508+1i*(-4),508+1i*(-4),508+1i*(-4),508+1i*(-4),504+1i*(-4),508+1i*(-4),508+1i*(-4),508+1i*(0),508+1i*(-4),508+1i*(-4),508+1i*(-4),508+1i*(-4),508+1i*(-4),512+1i*(-4),508+1i*(-8),508+1i*(-8),508+1i*(-8),508+1i*(-8),508+1i*(-8),508+1i*(-4),508+1i*(-4),508+1i*(-4),504+1i*(-4),504+1i*(-4),508+1i*(-4),508+1i*(0),508+1i*(0),504+1i*(0),504+1i*(0),508+1i*(0),508+1i*(0),508+1i*(0),508+1i*(-4),508+1i*(-4),508+1i*(-4),508+1i*(-4),508+1i*(-4),512+1i*(-4),508+1i*(-8),508+1i*(-8),508+1i*(-8),504+1i*(-8),508+1i*(-8),508+1i*(-4),508+1i*(-4),504+1i*(-4),504+1i*(-4),508+1i*(-4),508+1i*(-4),508+1i*(0),508+1i*(-4),508+1i*(-4),504+1i*(-4),508+1i*(-4),508+1i*(-4),508+1i*(-4),508+1i*(-4),508+1i*(-4),504+1i*(-4),504+1i*(-4),508+1i*(-4),508+1i*(0),508+1i*(0),504+1i*(0),504+1i*(0),508+1i*(0),508+1i*(0),508+1i*(0),508+1i*(-4),508+1i*(-4),504+1i*(-4),508+1i*(-4),508+1i*(-4),508+1i*(-4),508+1i*(-4),508+1i*(-4),504+1i*(-4),508+1i*(-4),508+1i*(-4),508+1i*(0),508+1i*(0),508+1i*(0),504+1i*(0),508+1i*(0),508+1i*(0),508+1i*(0),508+1i*(-4),508+1i*(-4),504+1i*(-4),508+1i*(-4),508+1i*(-4),508+1i*(-4),508+1i*(-4),508+1i*(-4),508+1i*(-4),508+1i*(-4),508+1i*(-4),512+1i*(0),508+1i*(0),508+1i*(0),508+1i*(0),508+1i*(0),508+1i*(0),508+1i*(0),508+1i*(0),508+1i*(0),504+1i*(0),508+1i*(0),508+1i*(0),508+1i*(0),508+1i*(0),508+1i*(0),504+1i*(0),508+1i*(0),508+1i*(0),508+1i*(0),508+1i*(0),508+1i*(0),504+1i*(0),508+1i*(0),508+1i*(0),508+1i*(0),508+1i*(0),508+1i*(0),504+1i*(0),504+1i*(0),508+1i*(0),508+1i*(0),504+1i*(0),504+1i*(0),500+1i*(0),572+1i*(0),572+1i*(0),500+1i*(4),500+1i*(-4),500+1i*(-4),500+1i*(-4),500+1i*(-4),504+1i*(-8),508+1i*(-8),508+1i*(-12),504+1i*(-8),508+1i*(-8),508+1i*(-8),512+1i*(-8),512+1i*(-4),512+1i*(-8),508+1i*(-8),508+1i*(-8),504+1i*(-8),508+1i*(-8),508+1i*(-4),508+1i*(-4),504+1i*(-4),504+1i*(-4),504+1i*(-4),508+1i*(-4),508+1i*(0),508+1i*(0),504+1i*(0),504+1i*(0),504+1i*(0),508+1i*(0),508+1i*(0),508+1i*(-4),504+1i*(-4),504+1i*(-4),504+1i*(-4),508+1i*(-4),508+1i*(-4),508+1i*(-4),504+1i*(-4),504+1i*(-4),504+1i*(-4),508+1i*(-4),508+1i*(0),508+1i*(0),504+1i*(0),508+1i*(0),508+1i*(0),508+1i*(0),512+1i*(0),508+1i*(0),508+1i*(0),508+1i*(0),504+1i*(0),508+1i*(0),508+1i*(0),508+1i*(-4),504+1i*(-4),508+1i*(-4),508+1i*(-4),508+1i*(-4),512+1i*(-4),508+1i*(-8),508+1i*(-8),512+1i*(-8),508+1i*(-8),508+1i*(-8),512+1i*(-4),508+1i*(-4),508+1i*(-4),508+1i*(-4),504+1i*(-4),508+1i*(-4),508+1i*(0),508+1i*(-4),504+1i*(-4),508+1i*(-4),508+1i*(-4),508+1i*(-4),512+1i*(-4),508+1i*(-8),508+1i*(-8),508+1i*(-8),508+1i*(-8),508+1i*(-8),508+1i*(-4),508+1i*(-8),508+1i*(-8),504+1i*(-8),508+1i*(-8),508+1i*(-8),508+1i*(-4),508+1i*(-4),508+1i*(-4),504+1i*(-4),508+1i*(-4),508+1i*(-4),508+1i*(0),508+1i*(0),508+1i*(0),508+1i*(0),508+1i*(0),508+1i*(0),512+1i*(0),508+1i*(-4),508+1i*(-4),508+1i*(-4),508+1i*(-4),508+1i*(-4),508+1i*(-4),508+1i*(-4),508+1i*(-4),504+1i*(-4),508+1i*(-4),508+1i*(-4),508+1i*(0),508+1i*(0),508+1i*(0),508+1i*(0),508+1i*(0),508+1i*(0),512+1i*(0),508+1i*(0),508+1i*(0),512+1i*(0),508+1i*(0),508+1i*(0),512+1i*(0),508+1i*(0),508+1i*(0),508+1i*(0),508+1i*(0),508+1i*(0),508+1i*(0),508+1i*(0),508+1i*(0),508+1i*(0),508+1i*(0),508+1i*(0),512+1i*(0),508+1i*(0),508+1i*(0),508+1i*(0),504+1i*(0),508+1i*(0),508+1i*(0),504+1i*(0),504+1i*(0),504+1i*(0),504+1i*(0),504+1i*(0),9.578544e-01;
