data_all=[14.000000,294473,11095,14,508+1i*(0),508+1i*(-4),508+1i*(-4),508+1i*(-4),508+1i*(-4),512+1i*(-4),512+1i*(-4),512+1i*(-4),508+1i*(-4),508+1i*(-4),504+1i*(-4),508+1i*(-4),508+1i*(0),508+1i*(-4),504+1i*(-4),504+1i*(-4),508+1i*(-4),508+1i*(-4),508+1i*(-4),508+1i*(-4),508+1i*(-4),504+1i*(-4),508+1i*(-4),508+1i*(-4),508+1i*(0),508+1i*(-4),508+1i*(-4),508+1i*(-4),508+1i*(-4),508+1i*(-4),512+1i*(-4),508+1i*(-8),508+1i*(-8),508+1i*(-8),508+1i*(-8),508+1i*(-8),508+1i*(-4),508+1i*(-4),508+1i*(-4),504+1i*(-4),504+1i*(-4),508+1i*(-4),508+1i*(0),508+1i*(0),504+1i*(0),504+1i*(0),508+1i*(0),508+1i*(0),508+1i*(0),508+1i*(-4),508+1i*(-4),508+1i*(-4),508+1i*(-4),508+1i*(-4),512+1i*(-4),508+1i*(-8),508+1i*(-8),508+1i*(-8),504+1i*(-8),508+1i*(-8),508+1i*(-4),508+1i*(-4),504+1i*(-4),504+1i*(-4),508+1i*(-4),508+1i*(-4),508+1i*(0),508+1i*(-4),508+1i*(-4),504+1i*(-4),508+1i*(-4),508+1i*(-4),508+1i*(-4),508+1i*(-4),508+1i*(-4),504+1i*(-4),504+1i*(-4),508+1i*(-4),508+1i*(0),508+1i*(0),504+1i*(0),504+1i*(0),508+1i*(0),508+1i*(0),508+1i*(0),508+1i*(-4),508+1i*(-4),504+1i*(-4),508+1i*(-4),508+1i*(-4),508+1i*(-4),508+1i*(-4),508+1i*(-4),504+1i*(-4),508+1i*(-4),508+1i*(-4),508+1i*(0),508+1i*(0),508+1i*(0),504+1i*(0),508+1i*(0),508+1i*(0),508+1i*(0),508+1i*(-4),508+1i*(-4),504+1i*(-4),508+1i*(-4),508+1i*(-4),508+1i*(-4),508+1i*(-4),508+1i*(-4),508+1i*(-4),508+1i*(-4),508+1i*(-4),512+1i*(0),508+1i*(0),508+1i*(0),508+1i*(0),508+1i*(0),508+1i*(0),508+1i*(0),508+1i*(0),508+1i*(0),504+1i*(0),508+1i*(0),508+1i*(0),508+1i*(0),508+1i*(0),508+1i*(0),504+1i*(0),508+1i*(0),508+1i*(0),508+1i*(0),508+1i*(0),508+1i*(0),504+1i*(0),508+1i*(0),508+1i*(0),508+1i*(0),508+1i*(0),508+1i*(0),504+1i*(0),504+1i*(0),508+1i*(0),508+1i*(0),504+1i*(0),504+1i*(0),500+1i*(0),572+1i*(0),572+1i*(0),500+1i*(4),500+1i*(-4),500+1i*(-4),500+1i*(-4),500+1i*(-4),504+1i*(-8),508+1i*(-8),508+1i*(-12),504+1i*(-8),508+1i*(-8),508+1i*(-8),512+1i*(-8),512+1i*(-4),512+1i*(-8),508+1i*(-8),508+1i*(-8),504+1i*(-8),508+1i*(-8),508+1i*(-4),508+1i*(-4),504+1i*(-4),504+1i*(-4),504+1i*(-4),508+1i*(-4),508+1i*(0),508+1i*(0),504+1i*(0),504+1i*(0),504+1i*(0),508+1i*(0),508+1i*(0),508+1i*(-4),504+1i*(-4),504+1i*(-4),504+1i*(-4),508+1i*(-4),508+1i*(-4),508+1i*(-4),504+1i*(-4),504+1i*(-4),504+1i*(-4),508+1i*(-4),508+1i*(0),508+1i*(0),504+1i*(0),508+1i*(0),508+1i*(0),508+1i*(0),512+1i*(0),508+1i*(0),508+1i*(0),508+1i*(0),504+1i*(0),508+1i*(0),508+1i*(0),508+1i*(-4),504+1i*(-4),508+1i*(-4),508+1i*(-4),508+1i*(-4),512+1i*(-4),508+1i*(-8),508+1i*(-8),512+1i*(-8),508+1i*(-8),508+1i*(-8),512+1i*(-4),508+1i*(-4),508+1i*(-4),508+1i*(-4),504+1i*(-4),508+1i*(-4),508+1i*(0),508+1i*(-4),504+1i*(-4),508+1i*(-4),508+1i*(-4),508+1i*(-4),512+1i*(-4),508+1i*(-8),508+1i*(-8),508+1i*(-8),508+1i*(-8),508+1i*(-8),508+1i*(-4),508+1i*(-8),508+1i*(-8),504+1i*(-8),508+1i*(-8),508+1i*(-8),508+1i*(-4),508+1i*(-4),508+1i*(-4),504+1i*(-4),508+1i*(-4),508+1i*(-4),508+1i*(0),508+1i*(0),508+1i*(0),508+1i*(0),508+1i*(0),508+1i*(0),512+1i*(0),508+1i*(-4),508+1i*(-4),508+1i*(-4),508+1i*(-4),508+1i*(-4),508+1i*(-4),508+1i*(-4),508+1i*(-4),504+1i*(-4),508+1i*(-4),508+1i*(-4),508+1i*(0),508+1i*(0),508+1i*(0),508+1i*(0),508+1i*(0),508+1i*(0),512+1i*(0),508+1i*(0),508+1i*(0),512+1i*(0),508+1i*(0),508+1i*(0),512+1i*(0),508+1i*(0),508+1i*(0),508+1i*(0),508+1i*(0),508+1i*(0),508+1i*(0),508+1i*(0),508+1i*(0),508+1i*(0),508+1i*(0),508+1i*(0),512+1i*(0),508+1i*(0),508+1i*(0),508+1i*(0),504+1i*(0),508+1i*(0),508+1i*(0),504+1i*(0),504+1i*(0),504+1i*(0),504+1i*(0),504+1i*(0),1.000000e+00;
14.200000,291738,10977,14,508+1i*(0),508+1i*(-4),508+1i*(-4),508+1i*(-4),508+1i*(-4),512+1i*(-4),512+1i*(-4),512+1i*(-4),508+1i*(-4),508+1i*(-4),504+1i*(-4),508+1i*(-4),508+1i*(0),508+1i*(-4),504+1i*(-4),504+1i*(-4),508+1i*(-4),508+1i*(-4),508+1i*(-4),508+1i*(-4),508+1i*(-4),504+1i*(-4),508+1i*(-4),508+1i*(-4),508+1i*(0),508+1i*(-4),508+1i*(-4),508+1i*(-4),508+1i*(-4),508+1i*(-4),512+1i*(-4),508+1i*(-8),508+1i*(-8),508+1i*(-8),508+1i*(-8),508+1i*(-8),508+1i*(-4),508+1i*(-4),508+1i*(-4),504+1i*(-4),504+1i*(-4),508+1i*(-4),508+1i*(0),508+1i*(0),504+1i*(0),504+1i*(0),508+1i*(0),508+1i*(0),508+1i*(0),508+1i*(-4),508+1i*(-4),508+1i*(-4),508+1i*(-4),508+1i*(-4),512+1i*(-4),508+1i*(-8),508+1i*(-8),508+1i*(-8),504+1i*(-8),508+1i*(-8),508+1i*(-4),508+1i*(-4),504+1i*(-4),504+1i*(-4),508+1i*(-4),508+1i*(-4),508+1i*(0),508+1i*(-4),508+1i*(-4),504+1i*(-4),508+1i*(-4),508+1i*(-4),508+1i*(-4),508+1i*(-4),508+1i*(-4),504+1i*(-4),504+1i*(-4),508+1i*(-4),508+1i*(0),508+1i*(0),504+1i*(0),504+1i*(0),508+1i*(0),508+1i*(0),508+1i*(0),508+1i*(-4),508+1i*(-4),504+1i*(-4),508+1i*(-4),508+1i*(-4),508+1i*(-4),508+1i*(-4),508+1i*(-4),504+1i*(-4),508+1i*(-4),508+1i*(-4),508+1i*(0),508+1i*(0),508+1i*(0),504+1i*(0),508+1i*(0),508+1i*(0),508+1i*(0),508+1i*(-4),508+1i*(-4),504+1i*(-4),508+1i*(-4),508+1i*(-4),508+1i*(-4),508+1i*(-4),508+1i*(-4),508+1i*(-4),508+1i*(-4),508+1i*(-4),512+1i*(0),508+1i*(0),508+1i*(0),508+1i*(0),508+1i*(0),508+1i*(0),508+1i*(0),508+1i*(0),508+1i*(0),504+1i*(0),508+1i*(0),508+1i*(0),508+1i*(0),508+1i*(0),508+1i*(0),504+1i*(0),508+1i*(0),508+1i*(0),508+1i*(0),508+1i*(0),508+1i*(0),504+1i*(0),508+1i*(0),508+1i*(0),508+1i*(0),508+1i*(0),508+1i*(0),504+1i*(0),504+1i*(0),508+1i*(0),508+1i*(0),504+1i*(0),504+1i*(0),500+1i*(0),572+1i*(0),572+1i*(0),500+1i*(4),500+1i*(-4),500+1i*(-4),500+1i*(-4),500+1i*(-4),504+1i*(-8),508+1i*(-8),508+1i*(-12),504+1i*(-8),508+1i*(-8),508+1i*(-8),512+1i*(-8),512+1i*(-4),512+1i*(-8),508+1i*(-8),508+1i*(-8),504+1i*(-8),508+1i*(-8),508+1i*(-4),508+1i*(-4),504+1i*(-4),504+1i*(-4),504+1i*(-4),508+1i*(-4),508+1i*(0),508+1i*(0),504+1i*(0),504+1i*(0),504+1i*(0),508+1i*(0),508+1i*(0),508+1i*(-4),504+1i*(-4),504+1i*(-4),504+1i*(-4),508+1i*(-4),508+1i*(-4),508+1i*(-4),504+1i*(-4),504+1i*(-4),504+1i*(-4),508+1i*(-4),508+1i*(0),508+1i*(0),504+1i*(0),508+1i*(0),508+1i*(0),508+1i*(0),512+1i*(0),508+1i*(0),508+1i*(0),508+1i*(0),504+1i*(0),508+1i*(0),508+1i*(0),508+1i*(-4),504+1i*(-4),508+1i*(-4),508+1i*(-4),508+1i*(-4),512+1i*(-4),508+1i*(-8),508+1i*(-8),512+1i*(-8),508+1i*(-8),508+1i*(-8),512+1i*(-4),508+1i*(-4),508+1i*(-4),508+1i*(-4),504+1i*(-4),508+1i*(-4),508+1i*(0),508+1i*(-4),504+1i*(-4),508+1i*(-4),508+1i*(-4),508+1i*(-4),512+1i*(-4),508+1i*(-8),508+1i*(-8),508+1i*(-8),508+1i*(-8),508+1i*(-8),508+1i*(-4),508+1i*(-8),508+1i*(-8),504+1i*(-8),508+1i*(-8),508+1i*(-8),508+1i*(-4),508+1i*(-4),508+1i*(-4),504+1i*(-4),508+1i*(-4),508+1i*(-4),508+1i*(0),508+1i*(0),508+1i*(0),508+1i*(0),508+1i*(0),508+1i*(0),512+1i*(0),508+1i*(-4),508+1i*(-4),508+1i*(-4),508+1i*(-4),508+1i*(-4),508+1i*(-4),508+1i*(-4),508+1i*(-4),504+1i*(-4),508+1i*(-4),508+1i*(-4),508+1i*(0),508+1i*(0),508+1i*(0),508+1i*(0),508+1i*(0),508+1i*(0),512+1i*(0),508+1i*(0),508+1i*(0),512+1i*(0),508+1i*(0),508+1i*(0),512+1i*(0),508+1i*(0),508+1i*(0),508+1i*(0),508+1i*(0),508+1i*(0),508+1i*(0),508+1i*(0),508+1i*(0),508+1i*(0),508+1i*(0),508+1i*(0),512+1i*(0),508+1i*(0),508+1i*(0),508+1i*(0),504+1i*(0),508+1i*(0),508+1i*(0),504+1i*(0),504+1i*(0),504+1i*(0),504+1i*(0),504+1i*(0),9.871668e-01;
