data_all=[6.000000,339644,73575,6,508+1i*(0),508+1i*(-4),508+1i*(-4),508+1i*(-4),508+1i*(-4),512+1i*(-4),512+1i*(-4),512+1i*(-4),508+1i*(-4),508+1i*(-4),504+1i*(-4),508+1i*(-4),508+1i*(0),508+1i*(-4),504+1i*(-4),504+1i*(-4),508+1i*(-4),508+1i*(-4),508+1i*(-4),508+1i*(-4),508+1i*(-4),504+1i*(-4),508+1i*(-4),508+1i*(-4),508+1i*(0),508+1i*(-4),508+1i*(-4),508+1i*(-4),508+1i*(-4),508+1i*(-4),512+1i*(-4),508+1i*(-8),508+1i*(-8),508+1i*(-8),508+1i*(-8),508+1i*(-8),508+1i*(-4),508+1i*(-4),508+1i*(-4),504+1i*(-4),504+1i*(-4),508+1i*(-4),508+1i*(0),508+1i*(0),504+1i*(0),504+1i*(0),508+1i*(0),508+1i*(0),508+1i*(0),508+1i*(-4),508+1i*(-4),508+1i*(-4),508+1i*(-4),508+1i*(-4),512+1i*(-4),508+1i*(-8),508+1i*(-8),508+1i*(-8),504+1i*(-8),508+1i*(-8),508+1i*(-4),508+1i*(-4),504+1i*(-4),504+1i*(-4),508+1i*(-4),508+1i*(-4),508+1i*(0),508+1i*(-4),508+1i*(-4),504+1i*(-4),508+1i*(-4),508+1i*(-4),508+1i*(-4),508+1i*(-4),508+1i*(-4),504+1i*(-4),504+1i*(-4),508+1i*(-4),508+1i*(0),508+1i*(0),504+1i*(0),504+1i*(0),508+1i*(0),508+1i*(0),508+1i*(0),508+1i*(-4),508+1i*(-4),504+1i*(-4),508+1i*(-4),508+1i*(-4),508+1i*(-4),508+1i*(-4),508+1i*(-4),504+1i*(-4),508+1i*(-4),508+1i*(-4),508+1i*(0),508+1i*(0),508+1i*(0),504+1i*(0),508+1i*(0),508+1i*(0),508+1i*(0),508+1i*(-4),508+1i*(-4),504+1i*(-4),508+1i*(-4),508+1i*(-4),508+1i*(-4),508+1i*(-4),508+1i*(-4),508+1i*(-4),508+1i*(-4),508+1i*(-4),512+1i*(0),508+1i*(0),508+1i*(0),508+1i*(0),508+1i*(0),508+1i*(0),508+1i*(0),508+1i*(0),508+1i*(0),504+1i*(0),508+1i*(0),508+1i*(0),508+1i*(0),508+1i*(0),508+1i*(0),504+1i*(0),508+1i*(0),508+1i*(0),508+1i*(0),508+1i*(0),508+1i*(0),504+1i*(0),508+1i*(0),508+1i*(0),508+1i*(0),508+1i*(0),508+1i*(0),504+1i*(0),504+1i*(0),508+1i*(0),508+1i*(0),504+1i*(0),504+1i*(0),500+1i*(0),572+1i*(0),572+1i*(0),500+1i*(4),500+1i*(-4),500+1i*(-4),500+1i*(-4),500+1i*(-4),504+1i*(-8),508+1i*(-8),508+1i*(-12),504+1i*(-8),508+1i*(-8),508+1i*(-8),512+1i*(-8),512+1i*(-4),512+1i*(-8),508+1i*(-8),508+1i*(-8),504+1i*(-8),508+1i*(-8),508+1i*(-4),508+1i*(-4),504+1i*(-4),504+1i*(-4),504+1i*(-4),508+1i*(-4),508+1i*(0),508+1i*(0),504+1i*(0),504+1i*(0),504+1i*(0),508+1i*(0),508+1i*(0),508+1i*(-4),504+1i*(-4),504+1i*(-4),504+1i*(-4),508+1i*(-4),508+1i*(-4),508+1i*(-4),504+1i*(-4),504+1i*(-4),504+1i*(-4),508+1i*(-4),508+1i*(0),508+1i*(0),504+1i*(0),508+1i*(0),508+1i*(0),508+1i*(0),512+1i*(0),508+1i*(0),508+1i*(0),508+1i*(0),504+1i*(0),508+1i*(0),508+1i*(0),508+1i*(-4),504+1i*(-4),508+1i*(-4),508+1i*(-4),508+1i*(-4),512+1i*(-4),508+1i*(-8),508+1i*(-8),512+1i*(-8),508+1i*(-8),508+1i*(-8),512+1i*(-4),508+1i*(-4),508+1i*(-4),508+1i*(-4),504+1i*(-4),508+1i*(-4),508+1i*(0),508+1i*(-4),504+1i*(-4),508+1i*(-4),508+1i*(-4),508+1i*(-4),512+1i*(-4),508+1i*(-8),508+1i*(-8),508+1i*(-8),508+1i*(-8),508+1i*(-8),508+1i*(-4),508+1i*(-8),508+1i*(-8),504+1i*(-8),508+1i*(-8),508+1i*(-8),508+1i*(-4),508+1i*(-4),508+1i*(-4),504+1i*(-4),508+1i*(-4),508+1i*(-4),508+1i*(0),508+1i*(0),508+1i*(0),508+1i*(0),508+1i*(0),508+1i*(0),512+1i*(0),508+1i*(-4),508+1i*(-4),508+1i*(-4),508+1i*(-4),508+1i*(-4),508+1i*(-4),508+1i*(-4),508+1i*(-4),504+1i*(-4),508+1i*(-4),508+1i*(-4),508+1i*(0),508+1i*(0),508+1i*(0),508+1i*(0),508+1i*(0),508+1i*(0),512+1i*(0),508+1i*(0),508+1i*(0),512+1i*(0),508+1i*(0),508+1i*(0),512+1i*(0),508+1i*(0),508+1i*(0),508+1i*(0),508+1i*(0),508+1i*(0),508+1i*(0),508+1i*(0),508+1i*(0),508+1i*(0),508+1i*(0),508+1i*(0),512+1i*(0),508+1i*(0),508+1i*(0),508+1i*(0),504+1i*(0),508+1i*(0),508+1i*(0),504+1i*(0),504+1i*(0),504+1i*(0),504+1i*(0),504+1i*(0),9.990010e-01;
6.200000,337389,60204,6,508+1i*(0),508+1i*(-4),508+1i*(-4),508+1i*(-4),508+1i*(-4),512+1i*(-4),512+1i*(-4),512+1i*(-4),508+1i*(-4),508+1i*(-4),504+1i*(-4),508+1i*(-4),508+1i*(0),508+1i*(-4),504+1i*(-4),504+1i*(-4),508+1i*(-4),508+1i*(-4),508+1i*(-4),508+1i*(-4),508+1i*(-4),504+1i*(-4),508+1i*(-4),508+1i*(-4),508+1i*(0),508+1i*(-4),508+1i*(-4),508+1i*(-4),508+1i*(-4),508+1i*(-4),512+1i*(-4),508+1i*(-8),508+1i*(-8),508+1i*(-8),508+1i*(-8),508+1i*(-8),508+1i*(-4),508+1i*(-4),508+1i*(-4),504+1i*(-4),504+1i*(-4),508+1i*(-4),508+1i*(0),508+1i*(0),504+1i*(0),504+1i*(0),508+1i*(0),508+1i*(0),508+1i*(0),508+1i*(-4),508+1i*(-4),508+1i*(-4),508+1i*(-4),508+1i*(-4),512+1i*(-4),508+1i*(-8),508+1i*(-8),508+1i*(-8),504+1i*(-8),508+1i*(-8),508+1i*(-4),508+1i*(-4),504+1i*(-4),504+1i*(-4),508+1i*(-4),508+1i*(-4),508+1i*(0),508+1i*(-4),508+1i*(-4),504+1i*(-4),508+1i*(-4),508+1i*(-4),508+1i*(-4),508+1i*(-4),508+1i*(-4),504+1i*(-4),504+1i*(-4),508+1i*(-4),508+1i*(0),508+1i*(0),504+1i*(0),504+1i*(0),508+1i*(0),508+1i*(0),508+1i*(0),508+1i*(-4),508+1i*(-4),504+1i*(-4),508+1i*(-4),508+1i*(-4),508+1i*(-4),508+1i*(-4),508+1i*(-4),504+1i*(-4),508+1i*(-4),508+1i*(-4),508+1i*(0),508+1i*(0),508+1i*(0),504+1i*(0),508+1i*(0),508+1i*(0),508+1i*(0),508+1i*(-4),508+1i*(-4),504+1i*(-4),508+1i*(-4),508+1i*(-4),508+1i*(-4),508+1i*(-4),508+1i*(-4),508+1i*(-4),508+1i*(-4),508+1i*(-4),512+1i*(0),508+1i*(0),508+1i*(0),508+1i*(0),508+1i*(0),508+1i*(0),508+1i*(0),508+1i*(0),508+1i*(0),504+1i*(0),508+1i*(0),508+1i*(0),508+1i*(0),508+1i*(0),508+1i*(0),504+1i*(0),508+1i*(0),508+1i*(0),508+1i*(0),508+1i*(0),508+1i*(0),504+1i*(0),508+1i*(0),508+1i*(0),508+1i*(0),508+1i*(0),508+1i*(0),504+1i*(0),504+1i*(0),508+1i*(0),508+1i*(0),504+1i*(0),504+1i*(0),500+1i*(0),572+1i*(0),572+1i*(0),500+1i*(4),500+1i*(-4),500+1i*(-4),500+1i*(-4),500+1i*(-4),504+1i*(-8),508+1i*(-8),508+1i*(-12),504+1i*(-8),508+1i*(-8),508+1i*(-8),512+1i*(-8),512+1i*(-4),512+1i*(-8),508+1i*(-8),508+1i*(-8),504+1i*(-8),508+1i*(-8),508+1i*(-4),508+1i*(-4),504+1i*(-4),504+1i*(-4),504+1i*(-4),508+1i*(-4),508+1i*(0),508+1i*(0),504+1i*(0),504+1i*(0),504+1i*(0),508+1i*(0),508+1i*(0),508+1i*(-4),504+1i*(-4),504+1i*(-4),504+1i*(-4),508+1i*(-4),508+1i*(-4),508+1i*(-4),504+1i*(-4),504+1i*(-4),504+1i*(-4),508+1i*(-4),508+1i*(0),508+1i*(0),504+1i*(0),508+1i*(0),508+1i*(0),508+1i*(0),512+1i*(0),508+1i*(0),508+1i*(0),508+1i*(0),504+1i*(0),508+1i*(0),508+1i*(0),508+1i*(-4),504+1i*(-4),508+1i*(-4),508+1i*(-4),508+1i*(-4),512+1i*(-4),508+1i*(-8),508+1i*(-8),512+1i*(-8),508+1i*(-8),508+1i*(-8),512+1i*(-4),508+1i*(-4),508+1i*(-4),508+1i*(-4),504+1i*(-4),508+1i*(-4),508+1i*(0),508+1i*(-4),504+1i*(-4),508+1i*(-4),508+1i*(-4),508+1i*(-4),512+1i*(-4),508+1i*(-8),508+1i*(-8),508+1i*(-8),508+1i*(-8),508+1i*(-8),508+1i*(-4),508+1i*(-8),508+1i*(-8),504+1i*(-8),508+1i*(-8),508+1i*(-8),508+1i*(-4),508+1i*(-4),508+1i*(-4),504+1i*(-4),508+1i*(-4),508+1i*(-4),508+1i*(0),508+1i*(0),508+1i*(0),508+1i*(0),508+1i*(0),508+1i*(0),512+1i*(0),508+1i*(-4),508+1i*(-4),508+1i*(-4),508+1i*(-4),508+1i*(-4),508+1i*(-4),508+1i*(-4),508+1i*(-4),504+1i*(-4),508+1i*(-4),508+1i*(-4),508+1i*(0),508+1i*(0),508+1i*(0),508+1i*(0),508+1i*(0),508+1i*(0),512+1i*(0),508+1i*(0),508+1i*(0),512+1i*(0),508+1i*(0),508+1i*(0),512+1i*(0),508+1i*(0),508+1i*(0),508+1i*(0),508+1i*(0),508+1i*(0),508+1i*(0),508+1i*(0),508+1i*(0),508+1i*(0),508+1i*(0),508+1i*(0),512+1i*(0),508+1i*(0),508+1i*(0),508+1i*(0),504+1i*(0),508+1i*(0),508+1i*(0),504+1i*(0),504+1i*(0),504+1i*(0),504+1i*(0),504+1i*(0),1.000000e+00;
